13 26
7 5 9 5 5 1 6 0 12 6 0 7 4
12 7
1 7
1 10
7 3
3 4
3 2
3 13
9 13
6 7
5 13
11 1
8 5
1 6 2
10 12 9
3 5 6
8 9 2
2 3 12
1 13 8
10 2 5
12 7 11
2 3 13
10 5 13
13 2 10
7 11 9
6 7 5
1 5 13
2 10 10
10 3 12
10 8 0
3 1 8
12 1 8
9 10 9
5 4 0
12 9 2
12 3 2
9 7 13
7 8 10
1 5 4
61 122
34 50 29 47 54 46 12 12 11 61 3 42 37 4 52 58 50 46 16 47 7 22 32 17 23 37 13 57 41 38 48 33 1 23 20 6 6 58 57 9 2 11 61 0 0 8 4 17 42 13 41 29 32 59 11 25 43 19 16 29 44
10 55
55 38
38 2
24 55
6 55
2 28
38 33
6 21
21 11
54 33
55 44
9 33
24 31
54 35
48 55
40 28
49 44
35 41
49 3
9 47
24 22
50 10
55 51
59 9
60 2
16 33
18 40
57 49
29 60
58 22
15 31
8 15
11 23
4 29
11 17
54 37
50 42
48 36
43 60
28 12
61 15
55 56
19 9
14 3
25 60
36 32
39 29
16 5
2 26
20 35
2 53
21 46
42 52
11 30
61 34
1 49
27 24
7 21
13 25
13 45
44 10 10
7 56 42
25 29 59
16 51 51
20 8 11
43 38 29
21 5 59
33 49 12
47 13 50
10 7 14
44 52 36
12 1 30
59 6 13
12 28 36
7 33 10
33 32 27
20 36 13
25 26 32
37 38 16
51 14 45
61 1 3
58 1 7
31 49 56
43 47 60
47 10 5
31 60 25
53 10 50
21 40 2
19 51 19
36 25 51
45 5 0
13 54 13
27 60 9
4 23 10
40 15 20
57 40 54
16 15 50
19 17 52
23 16 33
50 46 51
25 60 55
8 38 43
12 35 53
19 54 15
27 49 3
44 52 41
49 36 42
60 61 52
16 26 2
22 36 19
39 56 24
16 59 41
60 44 2
9 39 61
44 13 10
43 58 21
43 58 61
9 42 7
54 3 11
29 45 25
58 55 27
29 43 49
55 34 13
57 43 50
39 52 56
23 20 56
44 38 18
19 24 60
11 37 3
61 51 51
34 34 36
40 23 21
5 7 17
19 11 6
34 2 44
50 23 37
40 60 28
30 24 21
30 22 4
17 57 41
1 58 9
21 34 50
27 32 52
48 36 18
61 19 47
27 7 42
4 17 51
1 48 61
4 27 47
47 55 30
12 45 19
16 41 55
29 31 21
47 18 8
57 19 58
5 24 10
59 45 1
2 13 33
51 18 43
50 54 23
52 37 9
14 5 42
12 6 19
27 35 5
18 32 34
59 2 59
60 43 47
33 45 57
43 26 40
50 8 58
1 50 52
58 40 34
38 4 1
47 48 20
18 19 27
41 23 59
35 38 12
13 19 60
27 21 35
46 46 44
37 54 42
51 56 28