61 1
34 50 29 47 54 46 12 12 11 61 3 42 37 4 52 58 50 46 16 47 7 22 32 17 23 37 13 57 41 38 48 33 1 23 20 6 6 58 57 9 2 11 61 0 0 8 4 17 42 13 41 29 32 59 11 25 43 19 16 29 44
10 55
55 38
38 2
24 55
6 55
2 28
38 33
6 21
21 11
54 33
55 44
9 33
24 31
54 35
48 55
40 28
49 44
35 41
49 3
9 47
24 22
50 10
55 51
59 9
60 2
16 33
18 40
57 49
29 60
58 22
15 31
8 15
11 23
4 29
11 17
54 37
50 42
48 36
43 60
28 12
61 15
55 56
19 9
14 3
25 60
36 32
39 29
16 5
2 26
20 35
2 53
21 46
42 52
11 30
61 34
1 49
27 24
7 21
13 25
13 45
58 40 34
