1000
6
1 1 1 1 1 1 
1 2 2 2 4 16 
6
7 1 1 1 1 1 
1 1 1 1 1 10 
6
18 9 1 1 1 1 
1 1 1 1 1 5 
6
15 3 1 1 1 1 
1 1 1 1 3 12 
6
16 2 1 1 1 1 
1 1 1 1 1 1 
6
2 2 2 1 1 1 
1 1 1 1 19 19 
6
17 1 1 1 1 1 
1 2 2 2 2 10 
6
12 4 2 1 1 1 
1 1 1 1 2 2 
6
13 1 1 1 1 1 
1 1 1 1 1 10 
6
19 1 1 1 1 1 
1 1 1 1 1 19 
6
12 1 1 1 1 1 
1 1 1 1 1 1 
6
10 2 2 1 1 1 
1 1 1 1 9 9 
6
3 1 1 1 1 1 
1 1 1 1 1 6 
6
2 1 1 1 1 1 
1 1 1 1 1 3 
6
8 1 1 1 1 1 
1 1 1 1 1 1 
6
6 2 1 1 1 1 
1 1 1 1 1 8 
6
13 1 1 1 1 1 
1 1 1 1 4 4 
6
3 1 1 1 1 1 
1 1 1 1 1 20 
6
18 1 1 1 1 1 
1 1 1 1 1 5 
6
3 1 1 1 1 1 
1 1 1 1 1 4 
6
13 1 1 1 1 1 
1 1 1 1 1 1 
6
13 1 1 1 1 1 
1 1 1 1 1 2 
6
18 2 1 1 1 1 
1 1 1 1 2 6 
6
13 1 1 1 1 1 
1 1 1 1 3 6 
6
16 1 1 1 1 1 
1 1 1 1 1 2 
6
1 1 1 1 1 1 
1 1 1 1 1 12 
6
11 1 1 1 1 1 
1 1 1 1 2 6 
6
8 2 1 1 1 1 
1 1 1 2 2 14 
6
14 1 1 1 1 1 
1 1 2 4 20 20 
6
18 3 1 1 1 1 
1 1 1 1 4 8 
6
19 1 1 1 1 1 
1 1 1 1 1 1 
6
8 1 1 1 1 1 
1 1 1 1 1 7 
6
4 2 2 2 1 1 
1 1 1 1 3 6 
6
20 4 1 1 1 1 
1 1 1 1 2 14 
6
9 1 1 1 1 1 
1 1 1 1 1 5 
6
4 2 2 2 1 1 
1 1 1 1 1 12 
6
12 4 1 1 1 1 
1 1 1 1 1 11 
6
4 2 1 1 1 1 
1 1 1 1 1 19 
6
1 1 1 1 1 1 
1 1 1 1 1 8 
6
9 1 1 1 1 1 
1 1 1 3 3 3 
6
10 1 1 1 1 1 
1 1 1 1 1 19 
6
20 4 4 2 1 1 
1 1 1 1 7 14 
6
16 4 4 1 1 1 
1 1 1 1 1 11 
6
7 1 1 1 1 1 
1 1 1 1 2 18 
6
11 1 1 1 1 1 
1 1 1 1 1 9 
6
14 1 1 1 1 1 
1 1 1 1 3 12 
6
19 1 1 1 1 1 
1 1 1 3 3 15 
6
12 6 6 2 2 2 
2 2 2 2 4 8 
6
16 1 1 1 1 1 
1 1 2 2 2 16 
6
15 1 1 1 1 1 
1 1 1 1 1 1 
6
15 1 1 1 1 1 
1 1 1 1 1 13 
6
18 2 1 1 1 1 
1 1 1 1 1 19 
6
13 1 1 1 1 1 
1 1 1 1 1 4 
6
2 1 1 1 1 1 
1 1 1 1 2 10 
6
20 5 1 1 1 1 
1 1 1 1 4 20 
6
12 3 3 1 1 1 
1 1 1 1 17 17 
6
13 1 1 1 1 1 
1 1 1 1 4 20 
6
9 9 1 1 1 1 
1 1 1 1 1 19 
6
9 9 3 1 1 1 
1 1 1 1 1 16 
6
1 1 1 1 1 1 
1 1 1 1 1 13 
6
6 6 1 1 1 1 
1 1 1 2 4 4 
6
17 1 1 1 1 1 
1 1 1 1 1 13 
6
4 4 2 1 1 1 
1 1 1 1 1 2 
6
7 1 1 1 1 1 
1 1 1 1 2 6 
6
11 1 1 1 1 1 
1 1 1 1 1 19 
6
12 4 1 1 1 1 
1 1 1 4 4 8 
6
8 2 2 1 1 1 
1 1 1 1 1 1 
6
20 1 1 1 1 1 
1 1 1 1 1 13 
6
13 1 1 1 1 1 
1 1 1 1 1 4 
6
16 1 1 1 1 1 
1 1 1 1 1 12 
6
5 1 1 1 1 1 
1 1 1 1 1 9 
6
1 1 1 1 1 1 
1 1 1 1 1 17 
6
11 1 1 1 1 1 
1 1 1 1 1 3 
6
3 3 1 1 1 1 
1 1 1 1 1 5 
6
16 1 1 1 1 1 
1 1 1 2 2 4 
6
5 1 1 1 1 1 
1 1 1 2 4 8 
6
12 6 2 2 2 2 
2 2 2 2 2 10 
6
7 1 1 1 1 1 
1 1 1 1 1 5 
6
18 1 1 1 1 1 
1 1 1 1 1 8 
6
20 4 4 1 1 1 
1 1 1 1 1 13 
6
11 1 1 1 1 1 
1 1 1 1 1 19 
6
2 1 1 1 1 1 
1 1 1 1 1 3 
6
16 1 1 1 1 1 
1 1 1 1 1 1 
6
3 1 1 1 1 1 
1 1 1 1 1 18 
6
10 2 2 1 1 1 
1 1 1 1 1 11 
6
13 1 1 1 1 1 
1 1 1 1 1 16 
6
18 18 1 1 1 1 
1 1 1 3 3 9 
6
12 3 1 1 1 1 
1 1 1 1 1 2 
6
10 2 2 2 2 2 
2 2 2 2 2 14 
6
11 1 1 1 1 1 
1 1 1 1 1 8 
6
15 1 1 1 1 1 
1 1 1 1 1 17 
6
5 5 5 1 1 1 
1 1 1 1 2 18 
6
11 1 1 1 1 1 
1 1 2 2 4 12 
6
9 1 1 1 1 1 
1 1 1 1 1 11 
6
5 1 1 1 1 1 
1 1 1 1 1 11 
6
12 4 2 1 1 1 
1 1 1 1 2 2 
6
19 1 1 1 1 1 
1 1 1 1 1 3 
6
1 1 1 1 1 1 
1 1 1 1 1 18 
6
3 1 1 1 1 1 
1 1 1 3 3 12 
6
6 6 2 2 1 1 
1 1 1 3 3 3 
6
2 1 1 1 1 1 
1 1 2 2 8 16 
6
2 2 2 2 1 1 
1 1 1 1 1 10 
6
17 1 1 1 1 1 
1 1 1 2 2 14 
6
11 1 1 1 1 1 
1 1 1 1 1 12 
6
17 1 1 1 1 1 
1 1 1 1 6 18 
6
8 1 1 1 1 1 
1 1 1 1 1 6 
6
4 1 1 1 1 1 
1 1 1 1 1 9 
6
6 6 2 2 1 1 
1 1 1 3 3 15 
6
13 1 1 1 1 1 
1 2 2 2 2 20 
6
3 1 1 1 1 1 
1 1 1 1 1 19 
6
5 1 1 1 1 1 
1 1 1 1 1 20 
6
3 1 1 1 1 1 
1 1 1 1 1 19 
6
6 1 1 1 1 1 
1 1 1 1 1 13 
6
15 5 1 1 1 1 
1 1 1 2 2 10 
6
5 1 1 1 1 1 
1 1 1 1 1 11 
6
14 2 2 1 1 1 
1 1 1 5 15 15 
6
11 1 1 1 1 1 
1 1 1 1 1 1 
6
18 2 2 1 1 1 
1 1 1 1 2 2 
6
13 1 1 1 1 1 
1 1 1 1 1 17 
6
15 3 3 1 1 1 
1 1 1 1 1 3 
6
11 1 1 1 1 1 
1 1 1 1 1 7 
6
15 3 3 1 1 1 
1 1 1 1 1 13 
6
1 1 1 1 1 1 
1 1 1 1 1 17 
6
11 1 1 1 1 1 
1 1 1 1 2 8 
6
8 1 1 1 1 1 
1 1 1 1 2 6 
6
8 4 1 1 1 1 
1 1 1 1 1 6 
6
18 2 1 1 1 1 
1 1 1 1 1 19 
6
20 4 4 1 1 1 
1 1 1 1 1 3 
6
10 1 1 1 1 1 
1 1 1 1 1 11 
6
5 5 1 1 1 1 
1 1 1 1 1 10 
6
15 1 1 1 1 1 
1 1 1 3 3 6 
6
10 2 1 1 1 1 
1 1 1 2 2 2 
6
3 1 1 1 1 1 
1 1 1 1 1 12 
6
2 2 1 1 1 1 
1 1 1 1 1 5 
6
9 1 1 1 1 1 
1 1 1 1 1 1 
6
15 15 1 1 1 1 
1 1 1 1 1 12 
6
10 5 5 1 1 1 
1 1 1 1 1 8 
6
4 1 1 1 1 1 
1 1 1 1 1 20 
6
17 1 1 1 1 1 
1 1 1 1 1 17 
6
16 2 2 1 1 1 
1 1 1 1 1 4 
6
6 2 1 1 1 1 
1 1 1 2 4 20 
6
17 1 1 1 1 1 
1 1 1 1 1 11 
6
17 1 1 1 1 1 
1 1 1 1 1 3 
6
3 1 1 1 1 1 
1 1 1 1 1 7 
6
2 1 1 1 1 1 
1 1 1 1 1 10 
6
6 1 1 1 1 1 
1 1 1 1 1 19 
6
3 1 1 1 1 1 
1 1 1 1 1 5 
6
15 5 5 1 1 1 
1 1 1 1 1 13 
6
12 4 1 1 1 1 
1 1 1 2 2 10 
6
2 1 1 1 1 1 
1 1 1 1 1 19 
6
19 1 1 1 1 1 
1 1 1 1 1 16 
6
9 1 1 1 1 1 
1 1 1 1 1 3 
6
5 1 1 1 1 1 
1 1 1 1 1 11 
6
18 6 1 1 1 1 
1 1 1 1 3 12 
6
20 10 2 2 2 1 
1 1 1 1 1 13 
6
7 1 1 1 1 1 
1 1 1 1 1 3 
6
13 1 1 1 1 1 
1 1 1 1 12 12 
6
9 1 1 1 1 1 
1 1 1 1 1 19 
6
16 4 2 2 2 2 
2 2 2 2 2 14 
6
2 2 2 2 2 1 
1 1 1 1 1 9 
6
14 1 1 1 1 1 
1 1 1 1 1 14 
6
4 1 1 1 1 1 
1 1 1 1 15 15 
6
18 2 1 1 1 1 
1 1 1 1 4 4 
6
1 1 1 1 1 1 
1 1 1 1 3 15 
6
20 4 4 2 1 1 
1 1 1 1 3 15 
6
9 3 1 1 1 1 
1 1 2 2 2 10 
6
14 2 1 1 1 1 
1 1 1 1 4 20 
6
9 1 1 1 1 1 
1 1 1 1 2 18 
6
4 1 1 1 1 1 
1 1 1 1 1 18 
6
10 10 2 1 1 1 
1 1 1 1 4 20 
6
10 1 1 1 1 1 
1 1 1 1 1 9 
6
6 6 2 2 2 2 
2 2 2 2 2 2 
6
11 1 1 1 1 1 
1 1 1 1 1 20 
6
5 1 1 1 1 1 
1 1 1 1 1 8 
6
16 2 1 1 1 1 
1 1 1 1 1 18 
6
10 1 1 1 1 1 
1 1 1 1 4 20 
6
18 2 1 1 1 1 
1 1 1 1 1 2 
6
7 1 1 1 1 1 
1 2 4 4 4 20 
6
17 1 1 1 1 1 
1 2 2 2 2 18 
6
11 1 1 1 1 1 
1 1 1 1 2 16 
6
18 6 3 1 1 1 
1 1 1 1 2 2 
6
7 1 1 1 1 1 
1 1 1 1 4 4 
6
2 1 1 1 1 1 
1 1 1 3 3 18 
6
20 2 1 1 1 1 
1 1 1 1 1 7 
6
11 1 1 1 1 1 
1 1 1 1 1 6 
6
7 1 1 1 1 1 
1 1 1 1 1 20 
6
11 1 1 1 1 1 
1 1 1 1 1 12 
6
17 1 1 1 1 1 
1 1 2 2 4 12 
6
11 1 1 1 1 1 
1 1 1 1 1 14 
6
8 1 1 1 1 1 
1 1 1 1 4 20 
6
6 1 1 1 1 1 
1 1 1 1 4 4 
6
2 1 1 1 1 1 
1 1 1 1 1 1 
6
10 2 2 2 2 2 
2 2 2 2 2 8 
6
12 2 1 1 1 1 
1 1 1 1 1 18 
6
14 1 1 1 1 1 
1 1 1 1 4 4 
6
6 2 2 1 1 1 
1 1 1 1 1 4 
6
10 2 2 2 2 1 
1 1 1 1 1 13 
6
2 2 1 1 1 1 
1 1 1 1 1 20 
6
3 1 1 1 1 1 
1 1 1 1 2 14 
6
18 2 1 1 1 1 
1 1 1 1 1 17 
6
14 1 1 1 1 1 
1 1 1 1 1 15 
6
14 1 1 1 1 1 
1 1 1 1 1 20 
6
15 1 1 1 1 1 
1 1 1 1 1 3 
6
9 1 1 1 1 1 
1 1 1 1 5 5 
6
1 1 1 1 1 1 
1 1 1 1 2 10 
6
15 1 1 1 1 1 
1 1 1 1 3 3 
6
8 1 1 1 1 1 
1 1 1 1 1 8 
6
15 1 1 1 1 1 
1 1 1 1 1 7 
6
10 1 1 1 1 1 
1 1 1 1 1 10 
6
3 1 1 1 1 1 
1 1 1 1 3 15 
6
19 1 1 1 1 1 
1 1 1 1 1 7 
6
17 1 1 1 1 1 
1 2 6 6 6 12 
6
12 4 4 1 1 1 
1 1 1 1 2 10 
6
7 7 1 1 1 1 
1 1 1 1 1 11 
6
13 1 1 1 1 1 
1 1 1 1 1 8 
6
6 1 1 1 1 1 
1 1 1 1 2 16 
6
1 1 1 1 1 1 
1 1 1 1 1 1 
6
14 1 1 1 1 1 
1 1 1 1 1 13 
6
10 2 1 1 1 1 
1 1 1 2 2 14 
6
1 1 1 1 1 1 
1 1 1 1 1 1 
6
13 1 1 1 1 1 
1 1 1 1 1 10 
6
18 3 1 1 1 1 
1 1 1 1 1 11 
6
12 6 3 1 1 1 
1 1 1 1 1 18 
6
16 1 1 1 1 1 
1 1 1 1 1 10 
6
18 6 1 1 1 1 
1 1 1 1 3 9 
6
11 1 1 1 1 1 
1 1 1 1 1 17 
6
11 1 1 1 1 1 
1 1 1 1 1 8 
6
9 1 1 1 1 1 
1 1 1 1 3 15 
6
3 1 1 1 1 1 
1 1 1 1 2 14 
6
13 1 1 1 1 1 
1 1 1 1 1 15 
6
4 1 1 1 1 1 
1 1 1 1 4 20 
6
4 1 1 1 1 1 
1 1 1 1 1 13 
6
9 1 1 1 1 1 
1 1 1 1 1 3 
6
16 1 1 1 1 1 
1 1 1 1 2 6 
6
8 1 1 1 1 1 
1 1 1 1 1 13 
6
10 1 1 1 1 1 
1 1 1 1 1 1 
6
3 3 3 3 1 1 
1 1 1 1 1 5 
6
8 8 1 1 1 1 
1 1 1 1 10 10 
6
17 1 1 1 1 1 
1 1 1 1 9 9 
6
11 1 1 1 1 1 
1 1 1 1 1 14 
6
19 1 1 1 1 1 
1 1 1 1 1 5 
6
1 1 1 1 1 1 
1 1 1 1 1 3 
6
13 1 1 1 1 1 
1 1 2 2 2 6 
6
5 1 1 1 1 1 
1 1 1 2 2 18 
6
5 1 1 1 1 1 
1 1 1 1 1 17 
6
18 2 2 1 1 1 
1 1 1 1 10 10 
6
17 1 1 1 1 1 
1 1 1 1 1 5 
6
14 2 1 1 1 1 
1 1 1 1 1 7 
6
16 1 1 1 1 1 
1 1 1 1 1 15 
6
12 6 3 3 3 1 
1 1 1 1 1 16 
6
13 1 1 1 1 1 
1 1 1 1 1 7 
6
8 1 1 1 1 1 
1 1 1 1 1 20 
6
11 1 1 1 1 1 
1 1 1 1 1 10 
6
5 5 5 1 1 1 
1 1 1 1 7 7 
6
19 1 1 1 1 1 
1 1 1 1 1 7 
6
4 2 1 1 1 1 
1 1 1 4 4 12 
6
19 1 1 1 1 1 
1 1 2 2 2 18 
6
4 4 1 1 1 1 
1 1 1 6 18 18 
6
11 1 1 1 1 1 
1 1 1 1 1 12 
6
18 1 1 1 1 1 
1 1 1 1 1 8 
6
10 2 2 1 1 1 
1 1 1 1 2 10 
6
2 1 1 1 1 1 
1 1 1 4 12 12 
6
2 2 2 1 1 1 
1 1 1 1 1 8 
6
6 6 2 2 1 1 
1 1 1 1 1 7 
6
15 5 1 1 1 1 
1 1 1 1 1 7 
6
5 1 1 1 1 1 
1 1 1 1 1 17 
6
10 1 1 1 1 1 
1 1 1 2 2 18 
6
2 2 2 1 1 1 
1 1 1 1 1 15 
6
1 1 1 1 1 1 
1 1 1 1 2 2 
6
7 1 1 1 1 1 
1 1 1 1 1 3 
6
17 1 1 1 1 1 
1 1 1 1 3 18 
6
8 2 1 1 1 1 
1 1 1 1 1 7 
6
15 5 1 1 1 1 
1 1 1 1 1 12 
6
5 5 1 1 1 1 
1 1 1 1 1 1 
6
4 4 1 1 1 1 
1 1 1 1 1 17 
6
12 4 1 1 1 1 
1 1 1 1 5 5 
6
8 1 1 1 1 1 
1 1 1 1 1 3 
6
18 2 2 2 1 1 
1 1 1 1 1 20 
6
8 2 2 1 1 1 
1 1 1 5 5 5 
6
12 1 1 1 1 1 
1 1 1 1 1 11 
6
3 1 1 1 1 1 
1 1 1 2 2 12 
6
4 2 2 2 2 1 
1 1 1 1 1 19 
6
9 9 1 1 1 1 
1 2 4 4 4 8 
6
1 1 1 1 1 1 
1 1 1 1 1 1 
6
13 1 1 1 1 1 
1 1 1 1 1 1 
6
3 1 1 1 1 1 
1 1 1 1 1 17 
6
9 1 1 1 1 1 
1 1 1 1 1 7 
6
3 1 1 1 1 1 
1 1 1 1 1 7 
6
8 4 4 2 2 2 
2 2 2 2 2 2 
6
15 3 3 1 1 1 
1 1 1 1 5 20 
6
20 4 1 1 1 1 
1 1 1 1 2 6 
6
10 1 1 1 1 1 
1 1 1 1 1 1 
6
12 4 1 1 1 1 
1 1 1 1 1 2 
6
2 1 1 1 1 1 
1 1 1 2 2 10 
6
4 1 1 1 1 1 
1 1 1 1 10 20 
6
17 1 1 1 1 1 
1 1 1 1 1 17 
6
10 1 1 1 1 1 
1 1 1 1 5 5 
6
20 4 1 1 1 1 
1 1 1 1 1 10 
6
19 1 1 1 1 1 
1 1 1 1 2 18 
6
4 1 1 1 1 1 
1 1 1 1 1 14 
6
15 1 1 1 1 1 
1 1 1 1 1 15 
6
20 10 2 2 1 1 
1 1 1 1 1 9 
6
10 1 1 1 1 1 
1 1 1 1 1 13 
6
8 1 1 1 1 1 
1 1 1 1 5 5 
6
4 1 1 1 1 1 
1 1 1 1 1 17 
6
19 1 1 1 1 1 
1 1 1 1 1 4 
6
7 1 1 1 1 1 
1 1 1 1 1 11 
6
12 1 1 1 1 1 
1 1 1 1 1 17 
6
14 1 1 1 1 1 
1 1 2 2 4 12 
6
17 1 1 1 1 1 
1 1 2 2 2 2 
6
8 1 1 1 1 1 
1 1 1 1 1 17 
6
8 4 1 1 1 1 
1 1 1 1 1 1 
6
14 1 1 1 1 1 
1 1 2 2 2 12 
6
18 1 1 1 1 1 
1 1 1 1 1 13 
6
5 1 1 1 1 1 
1 1 1 4 4 16 
6
20 4 1 1 1 1 
1 1 1 1 1 18 
6
8 2 2 1 1 1 
1 1 1 1 1 3 
6
8 2 2 1 1 1 
1 1 1 1 4 12 
6
12 3 1 1 1 1 
1 1 1 1 2 6 
6
8 1 1 1 1 1 
1 1 1 1 1 16 
6
13 1 1 1 1 1 
1 1 1 1 1 1 
6
17 1 1 1 1 1 
1 1 1 1 1 7 
6
1 1 1 1 1 1 
1 2 2 2 10 20 
6
4 1 1 1 1 1 
1 1 1 1 1 4 
6
3 3 1 1 1 1 
1 1 1 1 1 5 
6
11 1 1 1 1 1 
1 1 1 1 1 5 
6
14 2 2 2 2 1 
1 1 1 3 3 15 
6
3 1 1 1 1 1 
1 1 1 1 5 5 
6
13 1 1 1 1 1 
1 1 1 1 1 7 
6
13 1 1 1 1 1 
1 1 1 1 1 19 
6
9 1 1 1 1 1 
1 1 1 2 6 6 
6
17 1 1 1 1 1 
1 1 1 1 1 14 
6
6 3 1 1 1 1 
1 1 1 1 3 18 
6
3 3 1 1 1 1 
1 1 1 1 1 8 
6
11 1 1 1 1 1 
1 1 1 1 1 16 
6
3 1 1 1 1 1 
1 1 2 2 2 16 
6
18 1 1 1 1 1 
1 1 2 2 2 18 
6
12 2 2 2 1 1 
1 1 1 1 1 16 
6
18 2 2 2 1 1 
1 1 1 5 5 20 
6
7 1 1 1 1 1 
1 1 1 1 2 14 
6
17 1 1 1 1 1 
1 1 1 1 1 13 
6
2 1 1 1 1 1 
1 1 1 1 1 6 
6
12 4 2 1 1 1 
1 1 1 1 1 16 
6
7 1 1 1 1 1 
1 1 1 1 1 19 
6
9 1 1 1 1 1 
1 1 1 1 1 12 
6
18 1 1 1 1 1 
1 1 1 1 1 19 
6
13 1 1 1 1 1 
1 1 1 1 1 19 
6
14 1 1 1 1 1 
1 1 1 1 1 5 
6
10 5 1 1 1 1 
1 1 1 1 1 5 
6
14 14 1 1 1 1 
1 1 1 1 1 15 
6
7 1 1 1 1 1 
1 1 1 1 1 4 
6
19 1 1 1 1 1 
1 1 1 1 1 10 
6
18 2 1 1 1 1 
1 1 1 3 3 3 
6
9 1 1 1 1 1 
1 1 1 2 2 4 
6
14 1 1 1 1 1 
1 1 1 1 1 17 
6
4 1 1 1 1 1 
1 1 1 1 4 20 
6
17 1 1 1 1 1 
1 1 1 1 4 4 
6
12 1 1 1 1 1 
1 1 1 1 1 17 
6
4 1 1 1 1 1 
1 1 1 1 1 2 
6
6 1 1 1 1 1 
1 1 1 1 5 15 
6
1 1 1 1 1 1 
1 1 1 1 1 5 
6
16 1 1 1 1 1 
1 1 1 1 2 14 
6
4 4 4 4 2 1 
1 1 1 1 1 9 
6
7 1 1 1 1 1 
1 1 1 1 1 11 
6
5 1 1 1 1 1 
1 1 1 1 1 1 
6
9 1 1 1 1 1 
1 1 1 1 1 9 
6
16 4 2 1 1 1 
1 1 1 1 1 19 
6
11 1 1 1 1 1 
1 1 1 1 1 13 
6
3 3 3 1 1 1 
1 1 1 1 1 10 
6
7 1 1 1 1 1 
1 1 1 1 1 1 
6
13 1 1 1 1 1 
1 1 1 1 1 17 
6
17 1 1 1 1 1 
1 1 1 1 1 1 
6
16 2 2 2 2 1 
1 1 1 1 1 13 
6
1 1 1 1 1 1 
1 1 2 2 2 14 
6
12 2 1 1 1 1 
1 1 1 1 1 2 
6
12 1 1 1 1 1 
1 1 1 1 1 11 
6
20 1 1 1 1 1 
1 1 1 1 1 2 
6
4 4 1 1 1 1 
1 1 1 2 2 18 
6
5 1 1 1 1 1 
1 1 1 1 2 6 
6
18 1 1 1 1 1 
1 1 1 1 17 17 
6
13 1 1 1 1 1 
1 1 1 1 1 1 
6
15 3 3 3 1 1 
1 1 1 1 1 9 
6
7 1 1 1 1 1 
1 1 1 1 7 14 
6
13 1 1 1 1 1 
1 1 1 1 1 13 
6
12 1 1 1 1 1 
1 1 1 1 1 9 
6
19 1 1 1 1 1 
1 1 1 2 2 10 
6
7 1 1 1 1 1 
1 1 1 1 1 9 
6
18 6 1 1 1 1 
1 1 1 1 1 5 
6
12 4 2 1 1 1 
1 1 1 1 1 13 
6
6 1 1 1 1 1 
1 1 1 1 1 10 
6
2 2 2 1 1 1 
1 1 1 1 3 3 
6
16 2 2 1 1 1 
1 1 1 1 1 13 
6
12 1 1 1 1 1 
1 1 1 1 3 9 
6
6 1 1 1 1 1 
1 1 1 1 1 3 
6
14 1 1 1 1 1 
1 1 1 1 1 11 
6
20 2 2 1 1 1 
1 1 1 1 1 2 
6
12 1 1 1 1 1 
1 1 1 1 1 12 
6
17 1 1 1 1 1 
1 1 1 1 11 11 
6
18 3 1 1 1 1 
1 1 1 1 1 12 
6
18 6 2 2 2 2 
2 2 2 2 2 6 
6
1 1 1 1 1 1 
1 1 1 1 9 9 
6
20 4 1 1 1 1 
1 1 1 1 1 7 
6
17 1 1 1 1 1 
1 1 1 1 1 13 
6
20 1 1 1 1 1 
1 1 1 1 1 1 
6
15 1 1 1 1 1 
1 1 1 4 4 20 
6
6 3 3 1 1 1 
1 1 1 1 1 5 
6
5 1 1 1 1 1 
1 1 1 1 1 19 
6
15 1 1 1 1 1 
1 1 1 1 4 8 
6
4 1 1 1 1 1 
1 1 1 1 2 16 
6
1 1 1 1 1 1 
1 1 1 1 1 11 
6
6 1 1 1 1 1 
1 1 1 1 1 3 
6
16 4 4 1 1 1 
1 1 1 1 2 14 
6
13 1 1 1 1 1 
1 1 1 1 1 5 
6
18 2 1 1 1 1 
1 1 1 1 1 3 
6
18 9 1 1 1 1 
1 1 1 1 1 7 
6
1 1 1 1 1 1 
1 1 1 1 1 9 
6
18 2 2 2 2 2 
2 2 2 2 2 6 
6
7 1 1 1 1 1 
1 1 1 1 1 5 
6
17 1 1 1 1 1 
1 1 1 1 1 1 
6
3 3 1 1 1 1 
1 1 4 4 4 12 
6
20 5 1 1 1 1 
1 1 1 1 3 18 
6
14 2 2 2 1 1 
1 1 1 1 1 17 
6
1 1 1 1 1 1 
1 1 1 1 1 16 
6
17 1 1 1 1 1 
1 1 1 1 1 13 
6
12 4 1 1 1 1 
1 1 1 1 1 17 
6
18 1 1 1 1 1 
1 1 1 1 1 16 
6
9 1 1 1 1 1 
1 1 1 1 1 20 
6
19 1 1 1 1 1 
1 2 2 2 2 14 
6
7 1 1 1 1 1 
1 1 1 1 1 9 
6
11 1 1 1 1 1 
1 1 1 1 1 2 
6
8 4 4 2 1 1 
1 1 1 1 1 17 
6
2 1 1 1 1 1 
1 1 1 1 1 1 
6
19 1 1 1 1 1 
1 1 2 2 4 4 
6
16 1 1 1 1 1 
1 1 1 1 1 7 
6
5 1 1 1 1 1 
1 1 1 2 2 12 
6
14 1 1 1 1 1 
1 1 1 1 1 14 
6
7 1 1 1 1 1 
1 1 1 1 1 19 
6
2 1 1 1 1 1 
1 1 1 1 4 20 
6
2 2 1 1 1 1 
1 1 1 1 1 19 
6
17 1 1 1 1 1 
1 1 1 1 1 14 
6
4 4 1 1 1 1 
1 1 1 2 2 6 
6
16 1 1 1 1 1 
1 1 1 1 1 9 
6
3 1 1 1 1 1 
1 1 1 1 1 8 
6
4 2 1 1 1 1 
1 1 1 1 1 5 
6
8 4 2 1 1 1 
1 1 1 1 1 1 
6
3 1 1 1 1 1 
1 1 1 1 1 11 
6
2 2 2 1 1 1 
1 1 1 1 1 8 
6
19 1 1 1 1 1 
1 1 1 1 1 7 
6
8 1 1 1 1 1 
1 1 2 2 2 14 
6
18 18 1 1 1 1 
1 1 1 1 1 17 
6
11 1 1 1 1 1 
1 1 1 1 1 19 
6
17 17 1 1 1 1 
1 1 1 1 4 20 
6
7 1 1 1 1 1 
1 1 1 1 2 14 
6
5 1 1 1 1 1 
1 1 1 1 1 13 
6
4 1 1 1 1 1 
1 1 1 1 1 4 
6
19 19 1 1 1 1 
1 1 1 1 1 14 
6
20 1 1 1 1 1 
1 1 1 4 12 12 
6
20 1 1 1 1 1 
1 1 1 1 1 19 
6
12 12 4 2 2 2 
2 2 2 2 4 8 
6
9 3 1 1 1 1 
1 1 1 1 11 11 
6
15 1 1 1 1 1 
1 1 1 1 2 14 
6
3 1 1 1 1 1 
1 1 1 2 2 2 
6
18 1 1 1 1 1 
1 1 1 1 5 5 
6
14 2 2 2 1 1 
1 1 1 3 3 18 
6
17 1 1 1 1 1 
1 1 1 1 1 17 
6
1 1 1 1 1 1 
1 1 1 1 1 4 
6
5 5 5 1 1 1 
1 1 1 1 1 10 
6
2 2 2 1 1 1 
1 1 1 1 1 5 
6
10 2 1 1 1 1 
1 1 1 1 1 8 
6
20 20 2 1 1 1 
1 1 1 1 1 9 
6
19 19 1 1 1 1 
1 1 1 1 1 7 
6
5 1 1 1 1 1 
1 1 1 1 2 14 
6
16 2 1 1 1 1 
1 1 1 3 3 6 
6
5 1 1 1 1 1 
1 1 1 1 1 12 
6
20 1 1 1 1 1 
1 1 2 2 6 12 
6
10 5 1 1 1 1 
1 1 1 1 1 20 
6
16 8 2 2 1 1 
1 1 1 1 1 11 
6
11 1 1 1 1 1 
1 1 1 1 1 12 
6
19 1 1 1 1 1 
1 1 1 1 1 11 
6
19 19 1 1 1 1 
1 1 2 2 2 18 
6
2 1 1 1 1 1 
1 1 1 2 2 2 
6
10 2 2 2 2 1 
1 1 1 1 1 7 
6
1 1 1 1 1 1 
1 1 1 1 5 5 
6
14 1 1 1 1 1 
1 1 1 1 1 1 
6
15 1 1 1 1 1 
1 1 1 1 1 13 
6
14 1 1 1 1 1 
1 1 1 1 2 18 
6
19 1 1 1 1 1 
1 1 1 3 6 12 
6
4 4 4 4 2 2 
2 2 2 2 2 16 
6
17 17 1 1 1 1 
1 1 1 1 1 10 
6
4 1 1 1 1 1 
1 1 1 1 1 3 
6
15 5 1 1 1 1 
1 1 1 1 1 8 
6
20 5 1 1 1 1 
1 1 1 1 1 1 
6
3 1 1 1 1 1 
1 1 1 1 1 10 
6
6 6 3 1 1 1 
1 1 1 2 2 4 
6
12 3 1 1 1 1 
1 1 1 2 4 16 
6
19 1 1 1 1 1 
1 1 1 1 1 7 
6
11 11 1 1 1 1 
1 1 1 1 1 10 
6
9 1 1 1 1 1 
1 1 1 1 2 6 
6
9 1 1 1 1 1 
1 1 1 1 4 16 
6
20 1 1 1 1 1 
1 1 1 1 1 16 
6
10 1 1 1 1 1 
1 1 1 1 1 5 
6
16 1 1 1 1 1 
1 1 1 1 3 3 
6
4 2 1 1 1 1 
1 1 1 1 2 2 
6
14 2 1 1 1 1 
1 1 1 1 1 19 
6
17 1 1 1 1 1 
1 1 1 1 6 6 
6
17 1 1 1 1 1 
1 1 1 1 17 17 
6
17 1 1 1 1 1 
1 1 1 5 5 20 
6
7 1 1 1 1 1 
1 1 1 1 1 5 
6
8 1 1 1 1 1 
1 1 1 1 1 1 
6
12 6 1 1 1 1 
1 1 1 2 10 10 
6
7 1 1 1 1 1 
1 1 1 1 2 18 
6
18 1 1 1 1 1 
1 1 1 1 1 6 
6
1 1 1 1 1 1 
1 2 2 2 4 20 
6
14 2 2 1 1 1 
1 1 1 1 1 14 
6
12 1 1 1 1 1 
1 1 1 1 1 7 
6
6 2 2 1 1 1 
1 1 1 1 3 3 
6
3 1 1 1 1 1 
1 1 2 2 2 12 
6
18 2 1 1 1 1 
1 1 1 1 1 17 
6
19 1 1 1 1 1 
1 1 1 1 1 14 
6
11 1 1 1 1 1 
1 1 1 1 1 11 
6
13 1 1 1 1 1 
1 1 1 1 1 7 
6
19 1 1 1 1 1 
1 1 1 1 4 4 
6
3 1 1 1 1 1 
1 1 1 1 1 15 
6
18 2 2 2 2 1 
1 1 1 1 1 13 
6
3 3 1 1 1 1 
1 1 1 1 6 6 
6
3 1 1 1 1 1 
1 1 1 1 2 10 
6
11 1 1 1 1 1 
1 1 1 1 1 14 
6
3 3 1 1 1 1 
1 1 1 1 1 2 
6
6 6 6 1 1 1 
1 1 1 1 1 19 
6
7 1 1 1 1 1 
1 1 1 1 2 6 
6
6 1 1 1 1 1 
1 1 1 1 1 17 
6
8 2 2 2 1 1 
1 1 1 1 1 17 
6
7 1 1 1 1 1 
1 1 1 1 1 17 
6
11 1 1 1 1 1 
1 1 1 1 1 2 
6
18 2 1 1 1 1 
1 1 1 1 1 8 
6
15 1 1 1 1 1 
1 1 1 1 1 13 
6
2 2 2 2 1 1 
1 1 1 1 1 13 
6
14 1 1 1 1 1 
1 1 1 1 1 7 
6
11 1 1 1 1 1 
1 1 1 1 1 2 
6
2 2 1 1 1 1 
1 1 1 1 1 4 
6
8 1 1 1 1 1 
1 1 1 5 10 10 
6
5 1 1 1 1 1 
1 1 1 1 1 5 
6
20 1 1 1 1 1 
1 1 1 1 1 16 
6
14 1 1 1 1 1 
1 1 1 1 1 7 
6
19 1 1 1 1 1 
1 1 1 1 2 14 
6
3 3 1 1 1 1 
1 1 1 1 2 2 
6
2 2 1 1 1 1 
1 1 1 1 1 15 
6
3 1 1 1 1 1 
1 1 1 1 1 7 
6
12 1 1 1 1 1 
1 1 1 1 1 14 
6
19 1 1 1 1 1 
1 1 1 1 1 1 
6
2 1 1 1 1 1 
1 1 2 4 4 8 
6
1 1 1 1 1 1 
1 1 1 1 1 12 
6
2 2 2 2 2 2 
2 2 2 2 6 12 
6
12 1 1 1 1 1 
1 1 1 1 2 2 
6
3 1 1 1 1 1 
1 1 2 2 2 14 
6
2 1 1 1 1 1 
1 1 1 1 18 18 
6
4 1 1 1 1 1 
1 1 1 4 4 4 
6
2 2 1 1 1 1 
1 1 1 1 3 15 
6
18 3 3 1 1 1 
1 1 1 2 2 16 
6
13 1 1 1 1 1 
1 1 1 1 3 18 
6
5 1 1 1 1 1 
1 2 2 2 2 6 
6
20 4 1 1 1 1 
1 1 1 1 2 18 
6
6 1 1 1 1 1 
1 1 1 1 1 17 
6
19 1 1 1 1 1 
1 1 1 1 1 7 
6
15 3 1 1 1 1 
1 1 1 1 1 1 
6
11 1 1 1 1 1 
1 1 1 1 2 6 
6
20 10 2 1 1 1 
1 1 1 1 2 18 
6
13 1 1 1 1 1 
1 1 1 1 1 20 
6
15 1 1 1 1 1 
1 1 1 1 1 16 
6
18 2 2 2 2 2 
2 2 2 2 2 6 
6
17 17 1 1 1 1 
1 1 1 1 2 4 
6
11 11 1 1 1 1 
1 1 1 1 1 19 
6
9 3 1 1 1 1 
1 1 1 1 1 18 
6
7 1 1 1 1 1 
1 1 1 1 2 2 
6
13 13 1 1 1 1 
1 1 1 1 2 6 
6
17 1 1 1 1 1 
1 1 1 1 1 14 
6
14 1 1 1 1 1 
1 1 1 1 1 7 
6
18 2 1 1 1 1 
1 1 1 1 5 15 
6
9 9 1 1 1 1 
1 1 1 1 1 19 
6
19 1 1 1 1 1 
1 1 1 1 1 11 
6
8 2 2 1 1 1 
1 1 1 1 1 7 
6
19 1 1 1 1 1 
1 1 1 1 1 14 
6
6 6 6 3 1 1 
1 1 1 1 1 17 
6
12 4 2 2 2 2 
2 2 2 2 2 6 
6
11 1 1 1 1 1 
1 1 1 1 1 12 
6
15 3 3 1 1 1 
1 2 2 2 6 6 
6
15 1 1 1 1 1 
1 1 1 1 1 3 
6
1 1 1 1 1 1 
1 1 1 1 1 8 
6
20 4 1 1 1 1 
1 1 1 2 2 14 
6
19 1 1 1 1 1 
1 1 1 1 1 4 
6
5 1 1 1 1 1 
1 1 1 1 1 9 
6
5 1 1 1 1 1 
1 1 1 1 1 19 
6
12 1 1 1 1 1 
1 1 1 1 1 1 
6
2 1 1 1 1 1 
1 1 1 1 1 20 
6
11 1 1 1 1 1 
1 1 1 1 1 16 
6
8 1 1 1 1 1 
1 1 1 1 1 11 
6
4 1 1 1 1 1 
1 1 1 1 4 16 
6
6 1 1 1 1 1 
1 1 1 1 1 8 
6
6 2 1 1 1 1 
1 1 1 1 5 15 
6
6 3 3 1 1 1 
1 1 1 1 1 1 
6
20 5 1 1 1 1 
1 1 1 1 1 9 
6
1 1 1 1 1 1 
1 1 1 1 1 6 
6
3 1 1 1 1 1 
1 2 2 2 2 10 
6
11 1 1 1 1 1 
1 1 1 1 1 16 
6
6 1 1 1 1 1 
1 1 1 1 1 1 
6
11 1 1 1 1 1 
1 1 1 2 2 8 
6
18 1 1 1 1 1 
1 1 2 2 14 14 
6
19 1 1 1 1 1 
1 1 1 1 1 14 
6
2 2 1 1 1 1 
1 1 1 2 2 16 
6
8 1 1 1 1 1 
1 1 1 1 1 14 
6
5 1 1 1 1 1 
1 1 1 1 1 6 
6
17 1 1 1 1 1 
1 1 1 1 1 2 
6
13 1 1 1 1 1 
1 1 1 1 1 11 
6
9 1 1 1 1 1 
1 1 1 1 1 20 
6
15 3 1 1 1 1 
1 2 2 2 2 6 
6
18 2 1 1 1 1 
1 1 1 1 1 17 
6
17 1 1 1 1 1 
1 1 1 1 1 11 
6
12 1 1 1 1 1 
1 1 1 1 1 7 
6
19 1 1 1 1 1 
1 1 1 1 1 16 
6
13 1 1 1 1 1 
1 1 1 1 1 3 
6
9 1 1 1 1 1 
1 1 1 1 1 19 
6
15 15 1 1 1 1 
1 1 1 1 2 2 
6
4 2 1 1 1 1 
1 1 1 1 9 9 
6
15 1 1 1 1 1 
1 2 2 2 6 6 
6
12 6 2 1 1 1 
1 1 1 1 1 11 
6
11 1 1 1 1 1 
1 1 1 1 1 4 
6
5 1 1 1 1 1 
1 1 1 1 19 19 
6
7 7 1 1 1 1 
1 1 1 1 2 8 
6
9 3 1 1 1 1 
1 1 1 1 1 13 
6
4 1 1 1 1 1 
1 1 1 5 5 15 
6
16 2 1 1 1 1 
1 1 1 1 1 19 
6
13 13 13 1 1 1 
1 1 1 1 1 3 
6
13 1 1 1 1 1 
1 1 1 1 3 6 
6
13 1 1 1 1 1 
1 1 1 1 4 20 
6
6 2 2 2 1 1 
1 1 1 1 1 18 
6
13 1 1 1 1 1 
1 1 1 1 3 6 
6
19 1 1 1 1 1 
1 1 1 1 1 8 
6
18 1 1 1 1 1 
1 1 1 1 1 19 
6
15 1 1 1 1 1 
1 1 1 1 2 10 
6
2 1 1 1 1 1 
1 1 1 1 1 19 
6
1 1 1 1 1 1 
1 1 1 1 1 11 
6
8 4 4 1 1 1 
1 1 1 1 2 2 
6
12 4 4 2 1 1 
1 1 1 1 1 16 
6
5 1 1 1 1 1 
1 1 1 1 1 1 
6
6 2 2 2 2 1 
1 1 1 1 1 3 
6
9 1 1 1 1 1 
1 1 1 1 1 11 
6
3 3 1 1 1 1 
1 1 1 1 1 9 
6
14 1 1 1 1 1 
1 1 1 1 1 2 
6
14 1 1 1 1 1 
1 1 1 1 1 18 
6
8 2 1 1 1 1 
1 1 1 1 1 17 
6
11 1 1 1 1 1 
1 1 1 1 2 8 
6
16 2 2 2 2 2 
2 2 2 2 2 16 
6
14 2 2 1 1 1 
1 1 1 1 2 16 
6
5 1 1 1 1 1 
1 1 1 1 1 2 
6
7 7 7 1 1 1 
1 1 1 1 1 13 
6
20 4 4 1 1 1 
1 1 1 1 3 6 
6
15 1 1 1 1 1 
1 1 1 1 1 8 
6
11 1 1 1 1 1 
1 1 1 1 4 16 
6
10 2 2 2 1 1 
1 1 1 1 1 5 
6
4 2 2 1 1 1 
1 1 1 1 1 5 
6
18 3 1 1 1 1 
1 1 1 1 1 7 
6
15 5 1 1 1 1 
1 1 1 1 1 19 
6
19 1 1 1 1 1 
1 1 1 1 1 14 
6
10 2 2 1 1 1 
1 1 1 1 2 6 
6
11 1 1 1 1 1 
1 1 1 1 1 10 
6
16 1 1 1 1 1 
1 1 1 2 2 14 
6
20 5 1 1 1 1 
1 1 1 1 3 6 
6
17 17 1 1 1 1 
1 1 1 1 1 17 
6
16 2 2 1 1 1 
1 1 1 1 1 18 
6
15 5 1 1 1 1 
1 1 1 4 4 4 
6
5 1 1 1 1 1 
1 1 1 1 1 13 
6
20 1 1 1 1 1 
1 1 1 1 1 5 
6
13 1 1 1 1 1 
1 1 1 1 6 18 
6
19 1 1 1 1 1 
1 1 1 1 1 19 
6
12 12 1 1 1 1 
1 1 1 1 1 1 
6
8 2 1 1 1 1 
1 1 1 1 1 13 
6
8 1 1 1 1 1 
1 1 1 1 1 17 
6
12 2 1 1 1 1 
1 1 1 1 2 8 
6
12 2 1 1 1 1 
1 1 1 1 2 4 
6
5 5 1 1 1 1 
1 1 1 1 1 15 
6
16 4 4 1 1 1 
1 1 1 1 1 19 
6
10 5 1 1 1 1 
1 1 1 1 2 20 
6
4 4 4 1 1 1 
1 1 1 1 1 7 
6
9 9 3 1 1 1 
1 1 1 5 5 10 
6
16 2 1 1 1 1 
1 1 1 1 1 19 
6
17 1 1 1 1 1 
1 1 1 1 1 7 
6
11 1 1 1 1 1 
1 1 1 1 1 3 
6
15 3 1 1 1 1 
1 1 1 1 1 11 
6
19 1 1 1 1 1 
1 1 1 1 1 17 
6
4 1 1 1 1 1 
1 1 1 1 1 10 
6
16 2 2 1 1 1 
1 1 1 1 2 18 
6
20 10 1 1 1 1 
1 1 1 1 1 1 
6
7 1 1 1 1 1 
1 1 1 1 1 19 
6
5 5 5 1 1 1 
1 1 2 12 12 12 
6
14 2 2 2 1 1 
1 1 1 1 1 1 
6
18 1 1 1 1 1 
1 1 1 1 1 14 
6
9 1 1 1 1 1 
1 1 2 2 2 2 
6
13 1 1 1 1 1 
1 1 1 1 2 14 
6
15 1 1 1 1 1 
1 1 1 1 1 17 
6
7 1 1 1 1 1 
1 1 1 1 9 9 
6
14 1 1 1 1 1 
1 1 1 1 1 19 
6
2 2 2 1 1 1 
1 1 1 1 1 5 
6
15 3 1 1 1 1 
1 1 1 1 1 11 
6
20 1 1 1 1 1 
1 1 1 1 1 17 
6
1 1 1 1 1 1 
1 2 2 10 10 20 
6
15 1 1 1 1 1 
1 1 1 1 9 9 
6
20 1 1 1 1 1 
1 1 1 1 6 6 
6
5 1 1 1 1 1 
1 1 1 1 1 19 
6
17 1 1 1 1 1 
1 1 1 1 1 12 
6
17 1 1 1 1 1 
1 1 1 1 9 18 
6
13 1 1 1 1 1 
1 1 1 1 3 15 
6
17 1 1 1 1 1 
1 1 1 1 1 14 
6
6 1 1 1 1 1 
1 1 1 1 1 12 
6
6 2 2 1 1 1 
1 1 1 1 1 13 
6
5 1 1 1 1 1 
1 1 1 1 3 6 
6
17 1 1 1 1 1 
1 1 1 1 1 1 
6
5 1 1 1 1 1 
1 1 1 1 1 18 
6
15 1 1 1 1 1 
1 1 1 1 2 14 
6
3 1 1 1 1 1 
1 1 1 1 1 1 
6
20 1 1 1 1 1 
1 1 1 1 1 5 
6
15 1 1 1 1 1 
1 1 1 1 1 5 
6
12 3 1 1 1 1 
1 1 1 1 1 1 
6
6 3 3 1 1 1 
1 1 1 1 1 18 
6
14 7 1 1 1 1 
1 1 1 1 1 13 
6
5 1 1 1 1 1 
1 1 1 1 1 11 
6
13 1 1 1 1 1 
1 1 1 1 1 11 
6
17 1 1 1 1 1 
1 1 1 1 2 6 
6
19 1 1 1 1 1 
1 1 1 5 10 20 
6
19 1 1 1 1 1 
1 1 1 1 1 4 
6
16 2 1 1 1 1 
1 1 1 1 1 8 
6
6 2 2 1 1 1 
1 1 1 1 1 11 
6
19 1 1 1 1 1 
1 1 1 1 1 7 
6
11 1 1 1 1 1 
1 1 1 1 1 12 
6
20 5 5 1 1 1 
1 1 1 1 1 4 
6
9 1 1 1 1 1 
1 1 1 1 1 13 
6
10 10 1 1 1 1 
1 1 1 1 2 6 
6
6 2 1 1 1 1 
1 1 1 2 2 14 
6
18 2 2 1 1 1 
1 1 1 1 5 5 
6
8 1 1 1 1 1 
1 1 1 1 1 6 
6
12 1 1 1 1 1 
1 1 1 1 3 6 
6
3 1 1 1 1 1 
1 1 1 1 1 5 
6
16 4 4 1 1 1 
1 1 1 1 1 1 
6
14 1 1 1 1 1 
1 1 1 1 1 4 
6
12 4 2 1 1 1 
1 1 1 1 1 14 
6
17 1 1 1 1 1 
1 1 1 1 1 13 
6
4 2 2 2 2 1 
1 1 1 1 7 7 
6
14 1 1 1 1 1 
1 1 1 1 2 12 
6
2 1 1 1 1 1 
1 1 1 1 1 5 
6
19 1 1 1 1 1 
1 1 1 2 2 4 
6
12 12 6 1 1 1 
1 1 1 1 1 13 
6
8 1 1 1 1 1 
1 1 2 2 2 10 
6
15 3 1 1 1 1 
1 1 1 2 4 8 
6
12 1 1 1 1 1 
1 1 2 4 8 16 
6
6 1 1 1 1 1 
1 1 1 1 1 13 
6
5 1 1 1 1 1 
1 1 2 2 2 18 
6
14 1 1 1 1 1 
1 1 1 1 1 19 
6
7 1 1 1 1 1 
1 1 3 3 6 18 
6
19 1 1 1 1 1 
1 1 1 1 1 11 
6
20 10 2 1 1 1 
1 1 1 1 1 7 
6
15 1 1 1 1 1 
1 1 1 1 1 19 
6
10 2 1 1 1 1 
1 1 1 1 2 2 
6
6 3 3 1 1 1 
1 1 1 1 6 18 
6
2 1 1 1 1 1 
1 1 1 6 6 12 
6
18 9 9 1 1 1 
1 1 1 1 2 18 
6
9 3 1 1 1 1 
1 1 1 1 2 20 
6
20 4 2 2 2 2 
2 2 2 4 16 16 
6
3 1 1 1 1 1 
1 1 1 1 1 18 
6
11 1 1 1 1 1 
1 1 1 1 1 12 
6
6 2 2 2 2 2 
2 2 2 2 2 10 
6
11 1 1 1 1 1 
1 2 2 2 2 10 
6
20 1 1 1 1 1 
1 1 1 1 1 13 
6
17 1 1 1 1 1 
1 1 1 1 1 7 
6
5 1 1 1 1 1 
1 1 1 1 17 17 
6
17 1 1 1 1 1 
1 1 2 2 10 10 
6
12 4 1 1 1 1 
1 1 1 1 1 9 
6
1 1 1 1 1 1 
1 1 1 1 1 20 
6
19 1 1 1 1 1 
1 1 1 1 1 12 
6
9 1 1 1 1 1 
1 1 1 2 2 14 
6
12 6 2 1 1 1 
1 1 1 1 1 13 
6
10 2 2 2 2 1 
1 1 1 1 1 11 
6
5 1 1 1 1 1 
1 1 1 1 1 18 
6
19 1 1 1 1 1 
1 1 1 1 1 14 
6
16 16 1 1 1 1 
1 1 1 1 3 15 
6
1 1 1 1 1 1 
1 1 1 1 1 13 
6
9 1 1 1 1 1 
1 1 1 1 1 2 
6
2 1 1 1 1 1 
1 1 1 1 2 14 
6
19 1 1 1 1 1 
1 1 1 1 1 17 
6
13 1 1 1 1 1 
1 1 1 1 1 14 
6
1 1 1 1 1 1 
1 1 2 2 2 16 
6
11 1 1 1 1 1 
1 1 1 1 1 8 
6
20 2 1 1 1 1 
1 1 1 1 1 12 
6
1 1 1 1 1 1 
1 1 1 1 1 3 
6
17 1 1 1 1 1 
1 1 1 1 1 7 
6
13 1 1 1 1 1 
1 1 1 1 2 14 
6
5 1 1 1 1 1 
1 1 1 1 1 5 
6
11 1 1 1 1 1 
1 1 1 1 1 10 
6
4 1 1 1 1 1 
1 1 1 1 1 7 
6
6 3 1 1 1 1 
1 1 1 1 3 6 
6
10 2 1 1 1 1 
1 1 1 2 2 14 
6
2 2 1 1 1 1 
1 1 1 1 1 15 
6
7 1 1 1 1 1 
1 1 1 1 2 14 
6
6 1 1 1 1 1 
1 1 1 1 1 4 
6
17 1 1 1 1 1 
1 1 1 2 2 4 
6
17 1 1 1 1 1 
1 1 1 1 2 20 
6
4 1 1 1 1 1 
1 1 1 3 3 9 
6
17 1 1 1 1 1 
1 1 1 1 4 20 
6
1 1 1 1 1 1 
1 1 1 1 1 4 
6
20 5 1 1 1 1 
1 1 1 1 1 19 
6
6 6 6 6 2 1 
1 1 1 1 1 11 
6
3 3 1 1 1 1 
1 1 1 1 1 10 
6
6 6 2 2 1 1 
1 1 1 1 1 17 
6
20 1 1 1 1 1 
1 1 1 1 2 14 
6
8 2 2 2 1 1 
1 1 1 1 1 2 
6
8 2 2 2 2 2 
2 2 2 2 8 16 
6
13 1 1 1 1 1 
1 1 1 1 1 7 
6
13 1 1 1 1 1 
1 1 1 1 1 3 
6
13 1 1 1 1 1 
1 1 1 1 1 11 
6
16 1 1 1 1 1 
1 1 1 1 1 5 
6
6 2 1 1 1 1 
1 1 1 1 1 3 
6
13 1 1 1 1 1 
1 1 1 1 2 18 
6
4 4 1 1 1 1 
1 1 1 1 1 13 
6
6 3 1 1 1 1 
1 1 1 1 2 14 
6
8 2 2 1 1 1 
1 1 1 1 1 7 
6
6 2 2 2 1 1 
1 1 1 1 1 16 
6
12 1 1 1 1 1 
1 1 1 1 1 19 
6
19 1 1 1 1 1 
1 1 1 1 1 19 
6
17 1 1 1 1 1 
1 1 1 1 1 1 
6
2 2 1 1 1 1 
1 1 1 2 4 4 
6
14 7 1 1 1 1 
1 1 1 1 1 17 
6
14 7 1 1 1 1 
1 1 1 1 1 13 
6
17 1 1 1 1 1 
1 1 1 1 1 1 
6
7 1 1 1 1 1 
1 2 2 2 6 12 
6
8 2 1 1 1 1 
1 1 1 1 1 1 
6
20 4 1 1 1 1 
1 1 1 1 1 19 
6
14 2 2 2 2 2 
2 2 2 2 2 14 
6
19 1 1 1 1 1 
1 1 1 1 1 7 
6
18 1 1 1 1 1 
1 1 1 2 2 8 
6
11 1 1 1 1 1 
1 1 1 1 3 3 
6
19 1 1 1 1 1 
1 1 2 2 2 4 
6
14 1 1 1 1 1 
1 1 1 1 1 7 
6
13 1 1 1 1 1 
1 1 1 1 1 9 
6
9 1 1 1 1 1 
1 1 1 1 1 8 
6
16 1 1 1 1 1 
1 1 1 1 1 8 
6
9 1 1 1 1 1 
1 1 2 2 2 10 
6
3 1 1 1 1 1 
1 1 1 1 2 14 
6
15 3 3 1 1 1 
1 1 1 1 1 7 
6
18 1 1 1 1 1 
1 1 1 1 17 17 
6
19 1 1 1 1 1 
1 1 1 1 1 6 
6
15 1 1 1 1 1 
1 2 2 2 2 20 
6
13 1 1 1 1 1 
1 1 1 1 1 5 
6
9 3 3 3 1 1 
1 1 1 1 1 20 
6
12 4 1 1 1 1 
1 1 1 1 1 19 
6
15 1 1 1 1 1 
1 1 1 2 2 6 
6
15 1 1 1 1 1 
1 1 1 1 1 10 
6
8 4 1 1 1 1 
1 1 1 1 2 10 
6
17 1 1 1 1 1 
1 1 1 1 1 19 
6
3 1 1 1 1 1 
1 1 1 1 1 7 
6
7 1 1 1 1 1 
1 1 1 1 1 13 
6
13 1 1 1 1 1 
1 1 1 1 1 4 
6
20 1 1 1 1 1 
1 1 1 1 7 7 
6
9 1 1 1 1 1 
1 1 1 1 1 2 
6
20 1 1 1 1 1 
1 1 1 1 1 1 
6
16 2 2 1 1 1 
1 1 1 1 1 16 
6
10 1 1 1 1 1 
1 1 1 1 2 14 
6
1 1 1 1 1 1 
1 1 1 2 2 4 
6
20 1 1 1 1 1 
1 1 1 1 1 20 
6
3 1 1 1 1 1 
1 1 1 1 3 3 
6
7 1 1 1 1 1 
1 1 1 1 1 7 
6
9 3 3 1 1 1 
1 1 1 1 1 7 
6
15 1 1 1 1 1 
1 1 1 1 1 19 
6
2 1 1 1 1 1 
1 1 1 1 2 14 
6
2 1 1 1 1 1 
1 1 2 4 4 8 
6
9 1 1 1 1 1 
1 1 1 2 2 6 
6
16 2 1 1 1 1 
1 1 1 1 1 11 
6
10 1 1 1 1 1 
1 1 1 1 1 7 
6
7 1 1 1 1 1 
1 1 1 1 15 15 
6
17 1 1 1 1 1 
1 1 1 1 1 9 
6
17 17 1 1 1 1 
1 1 1 1 1 8 
6
15 3 1 1 1 1 
1 1 1 1 2 4 
6
3 1 1 1 1 1 
1 1 1 1 1 11 
6
20 4 1 1 1 1 
1 1 1 1 1 16 
6
8 2 1 1 1 1 
1 1 1 1 1 14 
6
12 1 1 1 1 1 
1 1 1 1 1 17 
6
5 5 1 1 1 1 
1 1 2 2 2 14 
6
17 1 1 1 1 1 
1 1 1 1 1 14 
6
14 1 1 1 1 1 
1 1 1 1 7 7 
6
12 2 2 2 2 2 
2 2 2 2 2 8 
6
2 1 1 1 1 1 
1 1 1 1 1 18 
6
3 1 1 1 1 1 
1 1 1 1 2 10 
6
18 1 1 1 1 1 
1 1 1 1 1 9 
6
10 5 1 1 1 1 
1 1 1 1 1 18 
6
8 1 1 1 1 1 
1 1 1 1 1 19 
6
4 1 1 1 1 1 
1 1 1 1 1 7 
6
17 1 1 1 1 1 
1 2 2 2 2 18 
6
16 2 1 1 1 1 
1 1 1 1 1 9 
6
7 1 1 1 1 1 
1 1 1 1 1 1 
6
19 1 1 1 1 1 
1 1 1 1 3 6 
6
14 2 2 2 1 1 
1 1 1 1 1 17 
6
1 1 1 1 1 1 
1 1 1 1 1 19 
6
1 1 1 1 1 1 
1 1 1 1 5 20 
6
12 1 1 1 1 1 
1 1 1 1 4 12 
6
5 1 1 1 1 1 
1 1 1 1 1 16 
6
16 1 1 1 1 1 
1 1 1 2 2 8 
6
12 3 1 1 1 1 
1 1 1 1 18 18 
6
20 1 1 1 1 1 
1 1 1 1 2 14 
6
2 2 1 1 1 1 
1 1 1 1 3 3 
6
1 1 1 1 1 1 
1 1 1 1 1 1 
6
12 2 2 2 1 1 
1 1 1 1 1 18 
6
5 5 1 1 1 1 
1 1 1 1 4 4 
6
9 1 1 1 1 1 
1 2 2 2 2 6 
6
17 1 1 1 1 1 
1 1 1 1 1 13 
6
2 1 1 1 1 1 
1 1 1 1 1 13 
6
14 2 2 1 1 1 
1 1 1 1 4 4 
6
17 1 1 1 1 1 
1 1 1 1 1 13 
6
16 1 1 1 1 1 
1 1 1 1 1 13 
6
13 1 1 1 1 1 
1 1 1 1 1 10 
6
1 1 1 1 1 1 
1 1 1 1 1 13 
6
16 16 2 2 2 1 
1 1 1 1 1 5 
6
17 1 1 1 1 1 
1 1 1 1 1 9 
6
17 1 1 1 1 1 
1 1 1 1 1 3 
6
10 5 1 1 1 1 
1 1 1 1 5 20 
6
15 1 1 1 1 1 
1 1 1 1 2 14 
6
2 2 1 1 1 1 
1 1 1 1 2 4 
6
2 2 2 2 1 1 
1 1 1 1 1 8 
6
11 1 1 1 1 1 
1 1 1 1 1 15 
6
20 1 1 1 1 1 
1 1 1 1 3 12 
6
7 1 1 1 1 1 
1 1 1 1 1 19 
6
11 1 1 1 1 1 
1 1 1 1 2 14 
6
13 13 1 1 1 1 
1 1 1 1 2 2 
6
10 2 1 1 1 1 
1 1 1 1 1 5 
6
2 2 1 1 1 1 
1 1 1 1 1 14 
6
5 1 1 1 1 1 
1 1 1 1 1 7 
6
3 1 1 1 1 1 
1 1 1 1 1 5 
6
6 1 1 1 1 1 
1 1 1 1 1 3 
6
7 1 1 1 1 1 
1 1 1 1 4 4 
6
4 1 1 1 1 1 
1 1 2 2 2 14 
6
16 4 4 1 1 1 
1 1 1 1 2 10 
6
5 1 1 1 1 1 
1 1 1 1 1 17 
6
3 3 3 1 1 1 
1 1 1 1 1 7 
6
11 1 1 1 1 1 
1 3 3 3 3 9 
6
4 2 2 2 1 1 
1 1 1 1 1 1 
6
3 1 1 1 1 1 
1 1 1 1 1 13 
6
15 1 1 1 1 1 
1 1 1 1 14 14 
6
11 1 1 1 1 1 
1 1 1 1 2 20 
6
20 1 1 1 1 1 
1 1 2 2 2 10 
6
4 2 2 2 1 1 
1 1 1 1 1 9 
6
20 5 5 1 1 1 
1 1 1 2 2 8 
6
3 1 1 1 1 1 
1 1 1 1 15 15 
6
12 3 1 1 1 1 
1 1 1 1 1 8 
6
11 1 1 1 1 1 
1 1 1 1 4 12 
6
14 2 1 1 1 1 
1 1 1 2 2 14 
6
2 1 1 1 1 1 
1 1 1 1 1 14 
6
6 2 2 1 1 1 
1 1 1 1 1 1 
6
18 6 2 1 1 1 
1 1 1 1 4 4 
6
19 1 1 1 1 1 
1 1 1 1 9 9 
6
6 6 1 1 1 1 
1 1 1 1 1 2 
6
7 1 1 1 1 1 
1 1 1 1 2 10 
6
13 1 1 1 1 1 
1 1 1 1 1 8 
6
7 1 1 1 1 1 
1 1 1 1 5 15 
6
5 1 1 1 1 1 
1 1 1 1 1 19 
6
11 1 1 1 1 1 
1 1 1 1 1 7 
6
4 2 2 1 1 1 
1 1 1 1 1 13 
6
8 1 1 1 1 1 
1 1 1 1 1 17 
6
20 4 2 2 2 1 
1 1 1 1 1 7 
6
15 1 1 1 1 1 
1 1 1 5 5 5 
6
16 1 1 1 1 1 
1 1 1 1 5 15 
6
18 3 3 1 1 1 
1 1 1 1 1 13 
6
11 1 1 1 1 1 
1 1 1 1 1 11 
6
12 3 1 1 1 1 
1 1 1 1 1 9 
6
20 4 1 1 1 1 
1 1 1 1 1 7 
6
10 5 1 1 1 1 
1 1 1 1 1 7 
6
13 1 1 1 1 1 
1 1 1 1 1 3 
6
8 2 1 1 1 1 
1 1 1 2 2 2 
6
11 1 1 1 1 1 
1 1 1 1 1 13 
6
13 1 1 1 1 1 
1 1 1 1 1 6 
6
10 1 1 1 1 1 
1 1 1 1 2 8 
6
10 10 1 1 1 1 
1 1 1 3 3 12 
6
18 2 1 1 1 1 
1 1 1 2 2 14 
6
4 2 2 2 1 1 
1 1 1 1 1 6 
6
7 1 1 1 1 1 
1 1 1 1 1 17 
6
8 1 1 1 1 1 
1 1 1 1 1 9 
6
17 1 1 1 1 1 
1 1 1 1 1 13 
6
19 1 1 1 1 1 
1 1 1 1 1 13 
6
2 1 1 1 1 1 
1 1 1 1 1 5 
6
11 1 1 1 1 1 
1 1 1 1 2 18 
6
19 1 1 1 1 1 
1 1 1 1 1 15 
6
16 2 2 2 1 1 
1 1 1 1 1 1 
6
8 1 1 1 1 1 
1 1 1 2 2 14 
6
19 1 1 1 1 1 
1 1 1 1 1 13 
6
5 1 1 1 1 1 
1 1 1 1 1 13 
6
11 1 1 1 1 1 
1 1 1 1 1 2 
6
2 2 2 1 1 1 
1 1 1 1 1 18 
6
9 3 1 1 1 1 
1 1 1 2 2 14 
6
9 1 1 1 1 1 
1 1 1 2 2 14 
6
7 1 1 1 1 1 
1 1 1 1 1 7 
6
1 1 1 1 1 1 
1 1 1 1 4 12 
6
3 1 1 1 1 1 
1 1 1 1 1 12 
6
10 1 1 1 1 1 
1 1 1 2 2 4 
6
1 1 1 1 1 1 
1 1 1 1 4 4 
6
8 1 1 1 1 1 
1 1 1 1 5 5 
