0 10
7 8 1
7 3 33299
3 6 7460
7 6 38018
1 7 11591
3 5 26044
2 6 36560
1 4 1
2 7 8205
8 16 1
5 2 17642
4 6 36277
4 5 8997
3 7 48316
8 5 603
7 5 7509
2 3 44104
7 6 15327
1 8 1
8 6 1579
3 8 28313
1 2 22145
2 6 35389
7 1 43181
4 1 14241
3 4 47433
7 15 1
3 1 6356
2 5 39267
7 3 10824
2 3 44559
2 4 21289
1 2 26052
1 6 11314
3 6 44560
2 7 39209
4 6 44558
3 4 44560
6 5 11818
6 2 44558
7 6 44574
5 3 13465
10 15 1
8 5 42252
1 7 31804
2 1 1
4 9 42253
8 1 12893
9 7 42256
9 6 16966
6 10 13677
10 7 36213
1 3 15430
9 5 36020
1 6 23087
4 10 1237
4 1 8229
5 1 42253
9 13 1
2 8 24144
8 1 1
5 3 46086
9 2 46087
1 6 4840
4 6 41809
4 9 46086
6 2 20546
3 1 46086
5 9 44215
1 7 46091
8 6 46086
4 7 46090
10 16 1
6 2 1768
7 8 49375
1 8 49378
3 8 38409
2 3 49380
1 7 1
10 2 49381
10 5 46920
3 5 4451
5 6 49375
9 1 49376
2 7 8874
10 4 49382
4 7 49379
9 8 49375
7 9 49374
10 19 1
5 7 40419
3 7 47445
10 1 1
6 3 47446
4 8 15482
4 1 24835
6 5 47446
8 9 47444
8 2 8378
1 3 38872
7 10 24634
8 3 11729
6 10 47444
2 7 47445
4 9 37330
8 5 10183
1 5 18551
2 6 1447
10 9 14168
10 16 1
7 2 49536
3 8 3116
7 6 25184
1 7 36119
1 5 1
7 4 40588
2 8 49535
3 2 49537
4 5 23207
5 8 12734
5 2 49537
4 9 42654
3 1 41867
1 10 49535
6 3 49539
10 4 49536
9 18 1
4 7 48540
7 2 48543
8 1 1
5 9 48541
6 5 48548
9 8 48541
8 6 44059
9 7 48540
2 4 26927
1 2 48544
6 4 20454
4 3 22293
9 2 48545
1 6 23029
7 6 5168
3 1 16551
1 5 48348
8 5 14617
8 13 1
4 5 4118
7 6 47637
2 3 8356
3 7 25570
1 3 47632
8 6 28927
6 2 31642
1 7 5809
5 3 47631
3 4 47631
2 1 47635
7 5 47634
8 3 17257
