1000 724
568 108 470188
172 774 531033
339 67 483227
801 557 865655
706 316 942761
694 373 924432
466 537 803725
825 74 540089
696 791 553885
588 474 760490
663 393 176597
851 916 725722
885 255 114789
464 407 796697
119 112 897365
232 157 794089
664 622 969626
741 798 380051
830 493 438193
67 432 396018
909 94 127411
506 297 847326
581 533 66932
722 996 127338
771 466 526449
136 697 367605
226 712 437578
204 452 847728
607 281 767572
800 699 413004
170 960 514449
581 465 542097
908 397 510629
840 470 935976
531 241 167441
980 376 664137
938 953 866848
868 508 579299
596 114 857931
169 265 772982
525 435 84941
974 15 486757
72 274 220506
53 466 400975
30 996 341215
471 327 454943
609 264 19895
809 484 38403
461 79 406868
744 599 47133
726 123 871567
19 449 523933
777 872 851559
283 924 405024
258 953 828019
826 776 163345
769 736 294961
16 544 660444
771 356 107522
640 100 436473
125 177 27595
44 196 428043
329 972 696266
888 606 310190
912 215 238494
931 40 132269
629 160 688356
590 528 257252
34 298 934607
908 289 611058
381 413 543235
329 808 332430
724 137 981753
991 24 195358
533 288 890572
27 570 924964
649 198 753475
5 139 396002
609 524 407300
569 432 226940
627 164 869353
862 492 271512
292 216 441000
45 558 713024
755 90 41663
680 116 222232
644 116 450782
119 473 505920
122 81 80796
774 649 250227
714 276 999742
419 489 840586
284 133 200801
284 177 325710
660 284 492799
323 963 973266
908 958 899382
690 428 992206
962 901 476286
758 674 835287
337 740 163914
80 510 5402
666 793 724886
819 77 755063
881 736 356698
680 59 387660
946 318 805617
680 7 364044
886 968 458945
525 78 13970
164 414 739709
78 845 538219
832 862 681011
71 32 125439
134 912 68175
832 943 583585
844 889 893902
461 920 449908
857 158 790227
154 34 995656
125 197 316422
186 626 752266
757 809 176480
769 879 273511
560 364 401775
735 547 537717
672 390 170957
574 202 200877
834 411 652386
414 564 485419
70 688 567967
844 226 547592
463 982 978752
943 102 553631
806 662 576346
581 396 370893
299 68 357634
256 993 342188
485 827 688598
223 592 372161
642 13 923201
609 857 81426
553 319 901407
306 261 580509
289 418 244170
987 999 476917
880 649 862336
867 256 294329
55 741 255507
653 963 536098
166 957 648110
367 917 907966
793 470 584284
201 127 369896
62 767 538314
232 753 7664
501 985 799312
838 203 600567
167 257 128659
674 261 35974
124 426 807930
234 793 45198
201 937 779019
837 489 988145
86 550 775263
752 133 200368
416 634 634352
80 471 983906
999 989 42162
11 14 46774
337 137 337199
619 370 869343
817 922 208280
837 111 771768
334 196 140318
598 299 590802
966 66 567435
670 145 965257
928 495 562245
90 857 130258
216 193 721746
415 811 952116
111 628 278389
391 816 768499
511 149 825046
181 746 986344
984 63 776409
771 84 510905
29 11 306752
626 452 292608
237 667 20801
983 434 331963
451 544 238590
841 286 552405
340 796 777906
387 977 174003
83 312 941066
493 82 262501
398 110 605864
150 736 529667
111 324 80686
912 306 596119
875 757 978014
818 949 434651
575 288 221446
481 26 27774
837 109 928085
255 601 6167
756 350 743628
972 852 702715
640 962 530038
326 225 947344
797 451 939452
811 620 268400
462 195 219039
260 27 100065
35 863 930525
120 117 970477
639 225 247178
268 196 551029
983 835 207342
22 512 720566
718 308 939017
522 118 133988
274 931 825182
313 543 339561
730 577 334775
607 48 268244
84 39 918820
263 306 376015
644 640 202202
987 661 961713
905 730 767021
274 603 112490
263 876 432773
797 189 949315
710 270 206243
486 877 131642
82 312 731680
902 926 266337
269 570 921977
823 908 744989
537 812 199071
910 438 223673
752 700 119901
877 496 590441
544 206 251710
787 43 66938
782 124 490250
814 377 285175
152 645 519096
481 468 399355
822 356 130167
245 617 199604
919 720 741655
172 597 65150
613 140 58707
323 279 540749
614 60 812224
216 873 791952
391 376 339597
840 208 206416
195 382 354123
714 626 549739
670 896 454810
325 67 469406
828 679 575546
535 354 495824
637 319 878235
861 534 454459
814 924 490835
763 115 458394
531 662 585775
654 375 588401
745 45 722648
555 721 75715
314 548 270745
860 83 43098
36 719 492416
271 931 108949
82 96 694225
917 858 283691
664 740 760352
439 745 770727
192 489 547123
841 396 314843
556 709 655391
301 920 143825
752 307 320895
520 929 998825
822 10 485921
399 279 638130
90 942 178222
443 732 943966
522 924 517807
997 764 838202
192 671 407262
935 323 800533
760 74 513839
655 946 458119
833 767 55128
106 165 828406
588 606 752699
810 400 897431
777 273 367354
584 269 401469
138 461 75491
752 395 143813
637 507 682239
828 513 183184
947 345 788302
75 802 191818
834 390 677423
885 551 521823
316 327 12095
22 262 211716
843 751 435528
334 854 338922
148 490 614780
387 317 551293
923 615 179989
225 690 503143
43 875 642532
818 759 325434
993 427 946761
89 448 573374
157 291 43477
685 976 280682
959 123 85524
740 861 971840
385 783 946807
374 359 516496
517 401 574722
401 571 841480
836 563 246906
949 651 674706
675 159 526348
504 843 877323
187 802 871446
711 541 223658
903 925 84441
710 650 274799
558 519 986552
280 919 897122
113 106 44684
371 54 957687
77 729 364197
425 584 667040
101 770 237841
899 832 207733
557 735 128009
998 796 178658
150 354 895528
54 985 888447
176 97 515552
212 468 239958
251 896 635038
449 321 260621
489 773 397391
682 671 163574
767 227 498308
776 577 897456
786 726 361161
315 779 464145
114 306 80594
18 869 457413
976 120 269308
14 920 558980
988 760 203752
731 441 591422
305 559 945649
614 334 867225
422 119 147302
583 785 772432
728 898 639737
674 916 342957
87 891 323428
396 257 945347
376 244 392106
129 974 417898
903 278 230456
904 243 474141
129 664 327612
783 598 686396
215 326 955294
304 999 166209
262 438 75451
690 833 318059
390 208 154654
848 688 982627
747 943 998257
555 846 699851
49 327 984867
661 109 214464
57 676 369141
351 331 529492
912 592 152929
716 634 508761
127 23 672320
782 222 847360
761 320 625302
18 875 468147
870 923 759473
89 935 162934
553 991 450961
695 694 263291
187 957 459235
468 24 845868
229 151 401242
901 932 517463
261 692 128783
915 62 982009
63 283 551283
888 371 164217
174 923 507207
135 969 568252
427 507 997209
662 974 902232
882 554 117734
476 455 765665
939 67 377709
74 982 435770
83 396 156052
718 635 39774
935 809 268696
495 295 761017
747 73 13523
308 734 211849
893 967 348402
627 442 128208
645 733 882275
354 158 268608
476 241 239003
880 310 585637
654 597 987797
702 91 380092
719 189 542164
595 497 933250
444 389 399216
846 367 374010
55 11 858742
682 364 14899
290 191 824491
645 70 355153
282 723 254749
80 425 546839
172 495 832379
688 89 75875
938 532 728615
507 378 391982
517 784 864344
611 817 7060
862 106 772250
706 102 832320
859 383 743394
608 814 774170
799 337 685665
178 25 7753
54 962 952285
21 468 384014
355 336 431149
700 946 975965
112 808 803422
362 513 152523
34 723 125257
429 330 193071
951 128 768759
616 657 361783
370 710 938097
7 83 896916
21 437 128604
522 488 975549
487 599 1708
261 313 31572
784 698 420294
41 126 938975
464 429 134454
224 44 839111
359 413 645172
808 771 281254
77 143 172043
681 664 181882
582 150 317833
291 762 352145
215 545 149842
510 938 454320
837 753 39748
292 328 108143
403 39 150908
575 846 636678
182 274 465821
577 954 69484
459 536 939986
644 178 880747
789 392 560644
984 253 104933
656 90 706685
756 381 651013
899 135 816051
807 61 656248
486 242 68522
659 170 697827
143 981 3362
481 624 535891
581 413 810635
225 748 247887
158 403 819328
195 158 626708
208 408 58194
611 215 726255
860 52 944848
734 710 402370
561 204 764350
276 685 864973
167 617 572737
802 841 37484
42 350 746238
370 544 738747
79 104 123155
625 714 50369
232 925 673420
81 10 458129
451 571 990332
801 846 726368
126 364 546984
864 518 529176
700 559 777877
939 928 999773
686 358 362228
841 983 681293
562 214 613218
982 646 259227
463 448 317149
148 600 790346
868 726 214710
205 589 917227
733 288 662137
611 578 236064
736 616 298422
964 456 423756
257 370 338321
827 703 986967
407 166 288414
556 665 523366
255 532 524091
965 736 896031
544 469 676670
681 431 612248
97 166 957863
871 481 836670
627 737 299039
301 916 534742
620 322 518259
34 229 239923
752 483 942454
843 447 205542
874 342 42010
545 374 778792
145 823 899309
360 693 765789
30 672 575877
793 516 767590
114 775 187975
343 50 131727
825 856 599569
624 398 479795
317 760 36691
43 552 205835
865 861 365546
557 2 845575
228 880 657348
551 672 3863
141 138 384989
469 832 6038
196 8 85894
117 631 887643
264 300 731403
955 342 870306
142 206 908519
40 114 712520
616 694 608751
316 244 447775
180 737 928912
521 205 433743
560 752 783750
806 220 487733
385 204 685789
726 863 962283
283 382 120674
748 254 608289
441 6 269605
37 133 451136
125 45 17656
329 140 106567
432 242 281372
3 975 376525
838 711 686728
980 788 899942
324 937 211169
930 579 397961
287 536 460997
419 24 486121
815 680 230801
954 600 100584
195 324 100587
522 849 748424
232 578 598403
20 872 927017
441 196 376306
610 477 950236
924 763 310123
921 533 121146
395 347 466177
548 300 917776
485 846 167100
424 367 792948
200 951 621877
956 970 350749
973 410 101296
631 372 707772
867 295 645886
342 567 806418
117 666 803212
768 442 699696
613 542 729471
332 843 507670
282 720 400625
951 364 544764
537 800 967380
981 612 295660
780 439 985223
393 333 714694
76 175 222365
709 894 139342
311 715 876292
674 479 842225
761 368 987376
517 440 16038
849 404 311698
846 579 794478
285 155 524222
298 495 208565
358 740 347908
668 454 740552
341 933 582777
453 652 570153
594 793 192022
385 831 58870
140 882 763716
71 712 817352
225 934 897672
73 583 959166
991 292 610905
899 959 812711
803 651 76643
295 86 485048
439 108 115784
622 331 230924
855 399 115994
566 103 272570
995 785 863292
985 76 990549
235 386 803260
38 36 396255
970 491 600549
55 539 727340
515 324 276313
197 600 559167
595 946 403084
510 71 661466
495 146 168367
81 531 971628
118 918 367883
87 409 484785
494 299 728477
8 622 4790
556 573 563957
150 518 967041
550 33 299327
724 895 744397
542 389 484894
909 821 511776
377 454 620909
222 753 349386
947 486 876284
743 955 541801
625 303 289592
670 427 309321
124 336 64542
250 259 856898
87 896 774714
342 9 647475
495 843 126675
909 497 117651
322 638 94762
445 974 159304
320 47 85779
272 649 163038
171 735 632933
366 799 425572
59 807 589400
673 586 169400
663 348 210196
636 5 314867
34 136 892138
34 174 326308
769 459 535192
343 96 398882
149 496 977787
602 294 160002
626 231 845754
951 275 509286
818 309 388421
956 694 430595
406 161 117984
4 928 370603
153 203 752204
798 205 469182
28 311 630469
430 405 777017
738 98 723964
370 514 57247
952 17 163327
768 21 363255
723 525 405809
280 322 608366
462 349 656676
931 659 277289
623 456 198880
587 161 138143
309 675 195390
71 379 649414
678 101 249938
487 732 899259
853 193 711960
530 124 403970
819 502 484575
889 285 342198
883 402 733407
926 472 282785
340 149 968238
192 163 7201
139 100 351131
423 650 394827
352 342 308843
823 480 938534
517 663 703038
759 854 692552
960 927 117541
746 73 471514
433 46 528348
628 221 721179
162 544 365896
679 206 585286
789 411 794191
506 765 287868
805 572 567803
284 669 74876
798 715 242234
230 761 286934
857 981 8113
362 400 216432
649 188 362842
41 443 12840
964 598 198123
709 502 71809
790 109 687079
17 470 845830
309 658 735526
585 231 647562
782 503 66361
994 439 49209
3 965 661145
585 527 639121
765 584 758159
39 31 504309
363 539 111313
676 770 648002
820 61 204433
795 505 855982
967 5 494591
945 641 780103
898 214 647408
961 257 906157
352 379 736084
403 683 186251
83 929 824859
610 568 124791
247 264 386633
144 477 34042
347 416 213102
341 376 198710
498 728 900088
749 337 553086
352 772 655015
168 209 897122
878 706 779849
329 693 842121
100 708 477684
832 642 754390
263 791 674749
507 992 584858
565 194 24527
298 884 273491
420 335 424199
590 979 205460
373 101 975274
446 507 695345
643 237 136796
442 541 737011
618 301 695883
237 781 512288
277 867 911541
169 230 25322
388 782 153462
549 312 3415
950 479 178428
567 131 874312
42 777 761900
822 65 301725
751 766 941473
27 633 853014
195 214 878336
914 907 877252
1000 213 975650
900 35 538066
818 357 949029
689 193 684946
293 937 138633
633 677 278164
231 509 977198
361 230 49128
69 611 178985
710 986 856994
523 352 622401
156 815 924915
532 103 679427
883 619 378308
945 956 235302
130 327 354575
88 795 545383
430 808 179933
294 299 375856
264 607 16800
930 546 820835
585 369 202425
207 663 538723
415 926 769682
394 483 573483
85 298 240371
168 771 740794
572 180 915295
726 505 775104
22 368 77638
593 547 992933
6 813 699007
847 335 702338
338 228 552596
847 421 981486
685 940 999642
329 667 27024
809 202 942589
757 913 963043
966 291 479402
98 811 685334
235 847 106625
764 557 129840
93 779 50715
859 934 409926
613 190 132941
238 418 831115
358 412 701963
266 204 724181
290 618 386536
466 335 291227
934 839 302430
249 398 814846
822 673 882425
121 876 134429
10 107 222044
792 151 28557
477 590 420921
648 360 479643
891 259 984199
576 548 305249
482 350 552061
650 978 637500
112 761 509282
27 971 819795
132 6 315557
243 118 824839
798 941 607966
794 475 274597
620 147 728360
101 604 247365
905 458 511894
829 354 114901
691 372 179680
927 211 649574
365 185 546600
810 652 319884
460 312 407755
874 887 959077
436 880 967758
340 365 500448
210 538 961256
516 563 204388
638 410 739159
842 46 230075
61 742 850521
159 384 142992
804 847 148983
405 315 119213
144 591 816494
375 701 213102
549 161 54122
136 968 613887
12 735 25118
891 794 83511
156 51 565994
613 754 981624
267 231 246874
457 557 68372
739 849 45979
626 64 392324
657 95 792327
150 702 666044
996 707 343951
907 776 462277
344 232 47389
519 210 415331
713 327 769641
297 478 974298
639 296 78189
92 315 939213
938 217 254971
971 46 665558
449 770 912363
351 450 731714
540 93 747298
725 872 608783
883 56 903486
213 971 646189
526 99 857817
388 302 238345
353 968 502367
631 236 11154
526 967 546609
240 733 218578
523 750 498966
717 231 873813
911 986 473051
173 518 372692
106 687 583127
380 981 916017
682 248 658790
233 716 393603
58 943 366414
442 160 364824
500 292 554143
651 705 570775
897 386 886641
402 890 553901
931 632 832977
948 314 883550
375 246 751604
252 824 155405
850 779 353034
219 29 647963
713 199 397257
251 621 518544
179 260 250244
529 39 979939
105 2 497393
647 90 831715
194 244 555514
605 288 120507
619 892 274458
97 727 69345
862 1 348996
218 490 147436
183 345 392373
880 684 478745
608 417 401868
761 778 798754
239 709 648673
983 990 587378
677 252 363402
696 499 346699
438 936 656163
207 184 342056
508 467 702123
944 678 320917
57 580 334464
584 630 47903
158 866 477828
748 906 280083
938 704 159180
302 346 572130
