100 5
81 60 671
79 70 529
62 30 126
84 6 699
11 82 915
37 97 40
87 6 496
95 10 798
62 38 754
99 85 224
58 29 558
26 12 260
82 36 547
43 5 971
8 74 984
85 3 455
97 78 221
8 34 855
82 31 468
49 62 161
40 77 657
48 62 84
98 56 977
62 9 594
62 94 121
62 90 439
11 16 920
38 39 605
62 22 53
23 59 617
7 81 382
51 66 140
37 14 272
71 94 400
96 57 559
18 10 964
65 27 95
64 4 253
77 25 538
6 7 315
65 69 747
62 91 399
55 12 164
41 70 15
88 69 227
19 47 10
58 59 639
51 61 32
23 35 529
32 47 991
19 46 62
37 67 542
33 50 839
15 62 616
84 20 640
40 81 792
30 17 21
23 86 906
27 28 244
74 52 161
25 32 383
42 95 163
99 51 441
62 73 292
89 62 203
4 62 871
5 90 683
80 60 577
5 76 676
56 3 498
20 96 842
92 29 128
62 24 557
41 46 357
67 31 303
62 13 402
26 28 220
62 44 258
62 2 962
34 88 572
62 63 0
92 53 304
29 45 967
52 16 913
33 53 715
78 100 899
93 95 59
56 18 656
21 67 926
1 55 511
83 62 108
67 68 798
23 79 665
57 100 873
62 75 6
44 54 435
71 1 299
50 61 910
52 72 812
2 26 12 433
2 84 6 647
1 31 46
1 28 84
1 49 15
