2232 997
-1933 1646 -65 -797 -777 -174 -1940 746 -405 826 -348 1538 -412 -1024 -396 -1888 1597 -1016 251 -1873 332 -960 -493 581 554 -1060 1125 1960 293 710 -1771 -1585 -802 -408 -753 -1187 -1961 -1372 153 745 68 -1868 -444 927 -483 -771 812 -833 1786 1124 -109 1204 1569 -1890 929 1479 -774 -222 -1853 -1256 1113 1938 -58 1388 -286 489 -1058 1453 -917 553 -617 1292 -325 -446 1237 -236 214 -1166 -631 -270 -1284 1265 285 1538 1765 352 -412 63 791 -1181 64 -1620 -300 966 -69 1286 -377 670 -648 1934 -94 1059 -1811 1887 1536 507 -717 -1452 519 -1150 -459 -280 1538 -1346 -330 1978 1617 1441 -1107 1201 -642 1855 -287 -1605 554 39 -1622 -1744 583 -456 105 -454 1127 358 1663 1745 794 -331 270 -298 1410 -1218 -1362 -1756 932 -848 -167 92 -772 1353 -676 525 1643 1429 -828 -771 1516 -789 1869 -1193 -1353 -1573 -1129 -1308 1275 -629 -1519 1767 -1049 1319 -1681 800 739 654 1167 853 983 -1014 -509 1013 886 1583 -1540 23 93 -600 -28 -311 -107 -358 1092 -573 1350 303 1148 356 313 1925 -880 1047 -522 -267 723 -1084 -1849 1612 -1846 -1265 -853 -1487 1222 253 1769 -407 -398 243 1986 -1378 -1032 -1728 1298 -824 -1805 1838 -508 -1461 1029 -1043 993 -1082 -1390 -503 -1658 -111 -791 -323 572 1059 933 974 506 1899 -801 483 -1025 1260 984 -1930 779 -1489 21 -1829 -1039 1018 -539 -881 1136 666 433 1528 -546 1178 -180 1368 1476 -466 -285 -1351 822 915 371 847 -1035 1533 1071 -1397 1600 1459 -1220 -224 384 -1792 1256 -673 -308 716 536 -1146 -1321 -480 -399 1969 1788 1769 -392 654 540 673 -394 -1961 -891 398 190 -135 -272 679 -1587 -77 574 1932 97 -1563 1557 758 1228 485 -1704 -884 1130 1870 1116 1753 860 326 109 776 -1860 -536 -996 -1481 -368 -105 -1500 -1818 824 -468 -1173 -1520 -536 -1652 -1124 -1347 -1486 -873 1274 -1126 1430 1325 -572 565 1627 -639 -1894 -278 -480 -800 1652 1828 -1591 -845 -106 -1424 1303 1104 1098 -1614 -231 1580 1493 -646 -1349 -391 68 -1732 -44 10 -503 -1902 1569 -1516 1114 835 -1512 -788 -552 1622 263 -418 -1378 850 326 1332 541 635 -232 1720 799 1515 1103 918 -1640 -1233 1439 -1799 1283 225 -547 52 1668 -255 -932 1775 -1539 1187 -1145 -491 -1064 1769 -1029 -1511 -1449 1179 -654 1115 809 64 1859 1582 1683 1327 -1167 -1129 1942 -91 -1429 -1564 880 -264 -950 54 -906 293 -210 1799 135 1106 -576 1398 -767 -433 1297 -1712 -216 -1800 1753 1564 -648 586 -1761 1559 -1469 -1922 1513 1347 582 -1841 -1216 -1635 1680 406 1695 -238 951 1162 1698 -950 1611 -657 1594 -1191 1998 1474 -1455 -841 72 113 -478 630 696 1962 -1516 1114 343 1650 -1299 -1610 20 859 -1286 -1003 -578 511 -212 -1431 -1690 -1871 -850 841 -1991 1243 39 -373 1065 -1672 -711 1222 -654 1653 -461 1419 -1306 -890 -199 -1222 -809 95 1725 48 560 482 1891 258 20 -1497 -1585 -1751 1821 -1634 904 968 -232 -419 -897 -9 229 -1473 1146 652 -340 97 1243 1452 248 -639 895 1785 -823 1012 1011 639 1374 -1009 -1877 959 -903 992 608 -1417 -1348 -1568 1480 -1226 -1929 -245 778 617 963 -1307 550 606 1465 -1868 673 1546 9 -773 -908 396 417 50 -1664 1389 -1440 -273 1061 1970 104 1959 283 7 -1444 -238 -849 -299 1540 -1624 959 -522 -1870 385 769 -1109 1205 1213 -507 89 1076 -1433 -673 -414 -314 623 -1078 -1567 -1275 1353 -1509 11 1820 568 -594 18 151 -799 278 700 1080 1248 815 964 907 -1867 1076 -1247 659 -1407 927 -472 -1391 -1584 -480 -232 1033 993 1812 -1199 -1608 1965 -1738 -1538 -1748 -486 -508 -296 -1060 -508 -1645 -445 1109 1724 1911 675 -1094 -1482 578 -45 761 291 1928 1078 470 -476 -615 538 -427 -1740 794 -328 1343 -1758 1263 1051 -1130 -1972 652 -424 -1782 74 -1184 1557 939 480 279 609 -1657 710 -1653 1780 -1013 -770 217 706 267 263 -1705 1610 -1662 1747 1136 1026 277 -1385 1310 -1825 1557 322 -1878 1890 856 -1531 -831 46 210 1696 -302 -894 891 1024 -657 -917 -1328 -1533 131 -636 -1696 -1819 1970 232 850 738 -309 1714 -286 1787 -453 601 -1027 217 -275 -873 -1451 -60 -1572 -1261 -23 679 -1729 -340 -954 -97 -701 793 -320 -1403 -746 -1219 -867 -170 73 -532 850 106 -1216 749 1481 265 -1675 1056 -88 -1773 -1348 672 775 -1980 -1566 1228 -846 1418 430 1682 543 -211 -487 -686 1062 294 -1226 -1982 -25 -1783 -1665 344 390 739 1884 -168 280 -1376 1358 -944 -1787 1882 745 539 -1983 -460 541 -765 -411 770 -170 -361 -582 -836 1349 1456 1686 -530 -1490 -1037 462 -472 -1054 -1491 793 -23 1273 247 -618 -1384 509 -1930 1199 -1335 -1351 6 1348 -890 -1843 -258 -945 -1354 572 480 403 1605 74 772 315 1006 -1336 -215 -884 1549 1110 -724 976 -635 545 888 -1528 1407 -942 -1945 -471 -558 -487 -497 1199 -512 597 611 -973 -684 1988 1502 934 774 459 1292 1227 -515 -754 -1524 -1016 568 1692 -1643 -384 -718 597 1827 1319 607 1 109 -557 -1007 220 1863 1464 1606 -1139 777 -291 -185 345 1912 1458 -149 -1862 1917 1015 -933 1948 -246 1301 193 -1462 640 -735 1164 786 -1599 -354 -1470 -473 1938 935 -214 -31 1924 969 -875 711 1903 226 -1228 1635 -1478 895 1178 1833 -641 302 -1162 392 -1513 312 -674 -214 1599 -406 463 1534 612 -1702 16 871 -91 144 -940 1605 143 1528 1966 1483 649 -1734 976 457 -1931 -1249 -335 -1633 -1280 -1383 957 1460 861 -1153 87 -612 -802 1085 1807 -962 1244 1809 676 833 -233 -1468 949 1915 222 1452 773 -856 -1010 985 -1850 863 442 117 -1773 198 -1713 -56 -99 1966 -879 37 -1498 -75 1882 -74 -102 1072 -189 899 -459 -34 1051 -1256 -1031 -1481 -943 -304 -952 -835 1313 -1790 -1658 1140 846 -137 -1242 1961 -799 1171 64 -898 340 -231 -1397 -560 1541 789 403 878 1299 -1235 615 -38 1352 -1423 -762 -1182 1075 -935 333 500 1726 -338 -877 1944 1669 -116 -1422 -1812 410 -244 -245 -108 818 1625 1362 1133 -211 -1199 615 -1460 1233 -587 -1733 -15 1095 1798 -608 -463 -107 -950 -489 -702 233 -259 203 -75 554 599 -343 1015 -527 -819 63 -1390 1470 1005 696 1736 -802 -1957 -1458 1907 1226 -153 -1987 1419 -1816 -1438 1394 -846 1483 -564 763 -665 890 68 -1176 1936 1712 -1709 -1934 -1272 -611 1003 -1278 1302 947 -1271 1989 -1944 763 710 1932 -162 -144 1041 -939 -1763 -1429 1966 20 -660 -1672 1432 -1849 -579 592 -1243 1134 -1362 -1029 -261 -1615 1534 1960 468 -1872 -545 -718 -1349 -1427 -1187 -125 1893 -1240 -1839 -1687 -16 -691 1816 1905 866 1496 -1591 -1686 1105 -996 1179 -1877 -1136 198 -49 190 777 -1717 -1912 -1067 -1531 -1295 252 -1827 -1574 235 -951 1174 -247 -12 29 -1539 -1472 -1223 -858 1051 1362 815 -1878 1917 -952 636 1709 -1004 -868 1852 -679 1764 1997 1910 -1408 1332 -1427 1099 -1580 -1608 -258 780 590 -1387 -927 -559 309 -1852 -1246 -1516 -689 649 1019 1253 19 1533 -1021 -166 -1529 -3 590 1793 1978 -913 963 -20 -284 -967 760 -1414 951 1902 -865 -198 -812 -1767 -363 96 294 -1467 797 1974 594 -1838 -923 1411 -1473 -1617 -1427 1838 1381 -1779 795 1963 -687 399 -1799 840 1863 -638 -196 406 1194 792 1103 -1462 1066 -828 -812 -746 -1560 -1 665 258 -1123 1518 -1693 -245 1503 -164 -1929 -1069 -781 144 -1923 -1208 -1194 -425 -1487 1000 1982 -1607 -1254 984 -1897 755 432 -1990 1349 -292 690 1375 1492 1154 149 -1862 -610 -1542 122 -1903 -1935 306 690 -1401 395 197 -47 -227 -1251 833 -544 1874 -229 11 -294 -717 982 1650 -200 -693 1109 1852 -26 470 -986 1622 -756 -829 503 -1242 -19 -1025 -978 -1161 105 -1429 1007 1031 -1781 800 669 1385 -1551 1240 26 827 1171 954 -1042 704 199 -1273 1102 318 -193 -1247 1095 -117 -410 -1924 357 -409 1862 -110 -1285 45 -428 1103 206 1372 1875 -1293 -817 291 -1966 -1310 -1792 -1672 1642 1383 1353 -930 -571 785 1911 1165 1068 917 -1366 1781 -1234 -1944 -489 1858 1982 71 635 339 1598 1544 -1943 -1551 -483 306 -1655 276 1977 1524 -1693 -1152 -1350 1638 1443 1626 -239 1855 1388 -531 248 1900 637 -1149 1647 -1844 868 1005 120 1648 1182 1894 -1923 -744 1212 -175 -1153 -1012 871 1898 1728 -1028 -1895 258 1510 -1152 503 1317 -1533 -1084 -592 463 190 -391 774 -1624 412 823 -598 -1003 761 449 -1261 1204 590 -1794 662 -1324 -1880 -19 940 -935 952 1116 -1246 -1244 -1543 1802 -1607 -1782 730 -2 -418 -576 -1269 514 1571 -1176 -396 1610 915 723 -1076 -983 -1133 1603 843 309 937 598 -1633 -1974 -1318 606 509 1681 1702 -1944 1129 1535 -1263 1272 912 1172 1273 -1670 1680 572 1003 -1952 -1695 -447 -1775 516 1040 -1180 342 -1740 86 -715 447 -725 -1230 7 1375 -335 1688 1511 184 -534 -1076 1702 -206 -1593 1215 1367 -1390 520 -1222 -1838 -239 -58 49 855 -1913 -1967 491 -142 1861 -1936 739 -1675 1047 -804 -1310 -590 -1777 -131 95 -1586 1888 -1163 -54 -198 -866 -1732 1338 -1516 393 1163 -662 531 -447 603 1507 -147 1142 -654 -55 1474 1262 -1919 1569 1727 -790 -101 70 1045 -1660 497 290 606 678 -1754 1794 1477 1966 1449 199 -1694 1563 -1766 1548 -1302 -1337 -1508 -351 -438 1063 1245 -136 -1268 -1523 -1708 -688 1558 146 1308 -1633 -557 -156 -1992 -821 -1256 -190 -73 1738 993 1517 1547 637 1723 1675 770 -374 -604 464 -1724 1094 617 -1381 1618 1972 -1542 43 -402 -55 710 569 1608 -1583 181 22 998 -50 461 1073 -1058 83 457 -1724 -1985 -1278 889 777 1029 -1999 629 -1822 -1671 -613 -1424 647 -1445 1190 34 -1993 -1665 1242 1430 -707 -1584 1563 -961 1628 -327 -259 1015 -1271 -1896 -1047 198 -1042 1209 -1165 -1765 -375 1530 596 -508 -88 -663 -68 1894 -1548 -1993 -1521 574 -1205 -1405 -1965 -297 247 1468 -1616 1125 598 1468 -1661 -149 852 -440 1731 1808 611 -500 -1912 1187 67 -736 1276 -1837 -1867 -1851 611 -183 1994 715 -99 1404 1839 1262 -187 -84 -1292 1533 1758 1399 903 1091 -1694 64 -1920 -1551 -340 1239 567 1929 127 -881 98 -1311 -949 1513 1533 -1344 -1983 -343 563 1322 19 526 1033 -357 582 562 1381 -1012 -1471 1724 390 -1204 1820 -877 1136 -917 -1528 920 609 -1592 -1201 -999 -1837 -1187 -456 1084 -923 -1799 -461 -1007 206 -1570 1829 48 -206 -384 -756 1565 -83 1294 -1106 -1281 -1924 851 -1373 -306 -1306 -1185 1314 1914 -728 -1920 314 1044 -1824 1571 -1986 -1853 -1260 -1003 734 -1867 -23 -1090 1705 776 -946 1116 1615 422 1951 664 -929 1587 -853 1737 1973 1716 -726 -442 -1500 328 774 159 -513 -1863 -1306 1588 -114 1250 719 -1597 1711 -1231 -1625 -732 939 1870 1313 1287 1566 1098 363 -1162 -1798 -1579 -1760 -417 -1491 -301 -1178 -210 -1472 -719 649 -259 -344 1053 947 -1639 1077 -1299 39 1311 717 385 648 -124 -1701 -1999 889 162 106 1785 -527 -499 -1035 906 -462 -618 -1134 -1202 891 1988 401 -1589 -1687 -1813 -1562 1143 1144 531 -553 1962 -983 1933 -651 -683 1816 -829 -1537 -617 -1572 -830 -517 -1159 808 843 865 -931 -876 421 896 -1403 -1663 1952 -605 -1921 171 398 -1084 1376 1568 477 -1916 1265 -1288 -1648 1988 466 -454 747 1428 1040 1985 -291 641 955 -1600 -532 1558 -235 1908 1886 147 -833 425 357 -986 -1811 201 -294 344 -1397 320 -379 325 -1709 -120 390 1114 1965 1338 1206 1577 1579 280 -1622 467 1622 1358 -1070 -466 999 -153 -656 1843 782 -899 -1940 91 1884 -1070 933 231 1586 1825 508 1534 912 849 680 -1744 -1808 278 -1705 -434 -923 579 -1557 -1524 -1191 -1138 -6 702 641 -968 859 -687 283 1373 167 -1694 1284 -1618 653 1689 984 -409 -997 -1638 1456 -997 -1290 -906 1523 -1655 1636 1298 1936 724 -1302 -1495 -82 1543 24 1749 1296 -112 -481 -982 -856 1673 1533 -490 -1011 255 -1270 -1433 1287 630 1191 1073 -1265 1077 1999 -1710 -304 1949 1803 -1332 -1734 -1653 -1936 201 -1686 -719 -650 1498 -292 1096 142 100 -1334 -1895 -293 -810 1339 203 1067 1734 1075 1872 -303 -1594 -1809 -1603 762 -193 -526 -102 -808 -79 1217 -628 -1219 1900 925 -1915 117 -268 1246 476 -1402 953 1610 679 1602 -1923 327 -1738 1326 1312 -986 646 13 -885 2000 511 1244 242 1898 -392 378 -473 17 1000 -71 
2 1945 2219 433
2 1288 2211 851
1 1487 1745 23
2 37 1206 1246
1 832 2140 152
1 2029 2093 17
1 126 208 39
2 1276 1795 -1725
2 971 1909 1500
2 1105 1752 246
1 1415 1980 555
1 916 2230 321
1 164 1245 298
2 1197 1884 -1428
1 617 972 122
2 784 1434 -59
2 841 1896 1137
1 334 1649 816
2 1917 1955 -830
1 812 1828 918
2 792 1220 -447
2 360 1170 -1087
1 799 1468 627
1 216 543 114
1 1327 1599 222
1 2118 2208 41
1 617 1671 774
1 492 1745 1041
2 1681 2075 653
2 1194 1991 -1207
2 776 795 -1514
2 1695 1769 1162
1 1662 1812 81
1 1385 1845 91
1 273 659 167
1 1417 1425 6
2 1179 1708 -1239
1 322 358 15
2 2223 2227 1703
2 338 1468 1280
2 15 1268 1103
2 695 1039 -404
2 969 981 634
1 1350 2219 238
2 1255 2032 1549
1 1211 1420 143
2 1359 1787 1933
2 294 1595 -499
2 75 2017 233
2 1175 1757 1111
1 955 1225 209
2 765 1879 1120
1 1192 1596 141
1 853 1675 647
2 2170 2197 -1361
2 1866 2221 -165
2 1463 1916 -1478
2 7 898 84
1 2034 2088 53
1 1736 1791 18
2 114 829 -726
1 1233 1423 77
2 1810 1954 86
1 1086 1729 141
1 504 753 65
2 2181 2208 1090
1 694 1613 497
2 1901 2227 -25
2 17 2136 1699
2 1738 1760 223
2 370 2151 195
1 683 2131 712
1 2094 2174 40
1 629 694 20
1 1107 1851 15
2 571 1024 -146
1 1625 1984 23
1 1134 1852 141
2 1864 2148 -1764
2 898 1609 1792
2 1216 1886 -1828
2 255 1908 -796
2 1646 1961 -68
1 1323 1635 246
1 1447 2083 504
2 1661 2056 1483
1 889 1077 18
2 793 2055 1133
1 2124 2176 6
1 1555 2201 58
2 332 729 -1141
2 1437 2153 524
1 1099 1488 215
1 282 1580 834
2 1843 1926 -1459
1 1333 2012 53
2 768 2154 -619
1 648 1427 684
1 1384 1764 188
1 711 2091 41
1 1042 1647 198
1 2148 2209 51
1 846 1342 89
1 657 2086 286
2 598 1732 -1229
2 1940 1951 1287
1 1265 1721 408
2 1483 1880 -470
1 1464 1569 29
2 940 964 -1494
1 40 861 146
1 286 1515 43
2 429 2076 -937
1 2069 2124 33
1 939 1272 99
2 472 1608 -1665
1 1896 2031 25
1 2014 2054 26
2 24 1901 717
1 288 1588 382
2 536 1246 -256
2 860 1981 -1166
2 1518 2100 -646
1 1369 1889 205
1 402 1664 67
2 355 1978 37
2 145 1563 -1276
1 717 1720 646
1 170 468 212
2 1613 1628 -1366
1 1775 1781 6
1 214 1743 99
2 142 785 -734
1 1770 1979 60
1 1775 1831 21
2 52 548 1689
1 427 650 148
2 592 1207 523
2 2069 2101 1455
1 170 1016 784
1 781 1161 14
1 1709 1786 9
1 529 1953 863
1 1682 1829 86
1 1043 1520 13
1 1023 2197 1142
1 348 824 236
2 1581 1893 -1227
1 1162 2165 583
1 1219 1371 73
2 667 1557 -602
1 1567 1703 94
1 861 1407 187
2 1129 2029 567
1 1400 2213 696
2 1089 2178 734
2 673 1570 701
1 1995 2019 4
1 1265 1824 336
1 27 594 450
2 2052 2148 1300
1 1826 2072 200
2 1180 1831 -1624
2 1598 1972 -968
2 1863 1979 1615
2 1975 2180 -1388
1 1272 1678 302
2 1843 2047 -1353
2 721 1315 -427
1 596 1105 405
2 629 1314 1738
1 1647 2065 203
2 2150 2201 -1794
2 604 1872 396
2 1955 2032 -1981
2 1005 1832 1620
2 959 1939 -1416
1 1345 1492 65
2 1248 1347 -1735
1 827 973 66
2 646 1032 382
1 934 960 24
1 1362 1982 266
2 1300 1384 408
1 1635 1731 57
1 1794 1906 65
2 148 507 963
1 1676 1745 39
2 388 2080 1907
1 1427 1662 29
2 1256 1665 -1535
1 151 1354 32
1 2109 2151 42
1 1450 1886 150
2 80 2123 939
2 2096 2101 -299
2 1649 1861 -877
2 1584 1996 836
1 1088 2125 27
1 424 1758 335
1 1669 2016 286
1 1025 2031 571
1 945 1879 566
2 1254 1609 1022
2 380 467 1248
1 440 502 61
1 2120 2223 96
2 934 2157 1897
1 373 1605 335
2 1018 1023 1196
2 2087 2203 -1869
1 1232 2166 888
1 448 964 158
1 1505 2083 536
2 1775 2157 805
1 1216 1443 167
1 252 401 72
1 1574 2122 542
1 1048 1618 557
1 1096 1409 130
1 2126 2150 18
2 2081 2215 396
2 2026 2097 -181
2 434 1455 -117
1 1322 2167 737
1 638 1872 281
2 1838 2101 -1927
1 1106 1303 37
1 1935 1996 22
2 2007 2141 -707
1 364 385 14
2 653 1393 1427
2 768 2097 1845
2 450 2036 -71
2 1983 2010 -1263
2 1403 1467 887
1 743 2015 874
2 1024 1065 -533
2 160 1499 510
1 1426 1887 206
2 2040 2048 -1830
2 679 1498 133
1 1937 2058 34
2 735 1085 34
2 1440 2206 777
1 234 1676 763
1 580 621 29
1 1458 1465 5
1 2139 2159 7
1 874 1321 309
2 563 1617 289
2 1710 2055 1069
2 88 629 -1439
1 1426 2226 289
1 1615 1647 6
2 2078 2207 -1779
1 434 1559 966
2 1188 1910 1878
2 490 1429 501
1 2137 2217 8
1 811 1430 393
1 522 1333 106
2 236 1466 -1862
1 927 1620 9
1 1932 2093 110
1 1248 1874 592
2 1886 2170 -773
2 30 996 -522
2 1806 1878 -818
2 445 591 -271
1 1689 1812 110
2 1366 1531 -1194
1 1830 2208 197
2 2074 2086 512
2 2190 2229 -1058
2 489 631 -1555
2 1124 1882 -587
2 1271 1766 270
1 538 1443 902
1 649 1922 511
1 445 889 222
2 811 1158 1028
2 801 1389 -1544
2 397 710 -1552
1 1756 1912 108
2 892 1825 -1765
1 597 2134 1229
2 1843 2009 -1128
2 522 1858 -719
2 465 1868 -1113
1 1488 2161 293
2 882 1037 731
2 605 1416 1376
2 342 971 -1411
2 1938 2125 560
2 1845 1858 -1733
1 207 362 119
2 1507 1765 -437
1 1181 1979 386
1 610 1242 389
1 246 1968 663
1 1244 2100 170
2 455 1753 -1050
2 2168 2186 58
1 1587 1629 27
2 1601 1958 -1593
1 106 1722 769
1 1546 1631 49
2 1327 1448 -1749
1 397 883 487
1 591 1572 284
2 980 2105 -1788
1 1096 1809 491
1 2009 2220 78
2 37 2082 -953
1 1049 1619 363
2 1856 1909 -1150
2 27 2045 659
1 1706 2168 454
2 84 1002 -340
1 1426 2008 101
2 798 826 -63
2 133 245 30
1 981 2185 671
1 24 1406 1199
2 583 1234 -1238
2 483 1781 -638
2 715 2015 614
2 590 736 1723
1 1268 2125 858
2 387 813 -1660
1 916 1749 372
1 1503 2014 144
2 749 1383 -1272
1 791 1005 190
2 1218 1999 -1609
2 1802 2134 -243
1 639 1048 180
2 2175 2230 923
2 1894 2195 618
1 1165 2180 1003
2 1156 1730 2000
1 1855 1917 38
2 850 938 1752
2 276 463 -361
2 2178 2201 1840
1 1127 1416 258
2 1031 1311 -1904
1 1436 1900 425
2 64 813 -1199
2 1086 1168 -1506
2 1293 2107 676
2 1693 1728 -122
2 208 1310 575
2 492 796 -691
2 1132 2217 -1411
2 1308 2221 1834
1 1333 2019 214
2 1938 2168 1432
2 1837 1862 -1072
1 1044 1480 80
1 263 1828 1001
1 261 1595 918
1 1234 1567 280
1 1200 1668 123
2 1710 2173 784
2 470 827 -999
1 1509 2106 393
2 26 465 -1333
2 1337 1557 1871
2 1340 1839 -340
2 1110 1960 135
1 537 1343 99
1 16 28 9
2 1392 1589 -1627
1 1261 1406 71
1 1313 1759 77
2 777 930 -1516
1 860 1522 599
1 2012 2184 47
2 2112 2204 328
1 1258 2148 250
2 933 1433 860
1 291 681 310
1 1118 1970 203
1 366 1243 70
1 1020 1693 257
2 623 914 -1399
1 1672 1861 165
2 1036 1935 -716
1 1089 1260 105
2 70 103 1173
2 1635 2187 -777
2 201 1765 -1158
1 1500 1716 66
2 1509 2150 -1713
1 2066 2096 12
2 1113 1549 1030
2 1541 1620 -553
1 1080 2225 308
1 80 293 16
1 1934 2220 132
2 489 903 -1534
1 1974 2009 21
1 1717 2212 114
1 1392 1506 5
1 1899 2113 198
1 338 1962 141
1 981 1613 260
2 467 677 -1402
2 1379 1800 1359
2 1650 2080 1736
1 2076 2110 6
1 664 1430 20
1 1552 1580 14
1 936 2125 805
2 2094 2174 -6
2 905 1030 -66
2 1046 2011 -1296
1 311 1597 193
2 1328 1929 1251
1 29 1764 1670
1 456 2013 1278
1 1135 1321 21
1 2035 2148 104
1 1559 1777 42
1 1121 2207 777
1 1143 1329 6
2 730 887 -1096
1 469 1889 943
2 864 1592 347
2 1971 2024 170
1 1159 1407 14
2 461 1473 -1886
1 407 649 204
2 304 1054 -754
1 1928 2008 57
2 329 1576 -1828
2 1928 2116 -826
2 1861 2141 -1834
1 51 378 235
1 797 1020 178
1 921 2060 499
2 401 1185 -1987
2 932 1768 -250
1 90 1141 624
2 1037 1836 -1087
1 885 1165 166
2 1030 1156 -28
1 2023 2117 2
1 358 391 27
2 1105 1736 500
1 163 1868 649
1 663 800 97
1 1235 1369 11
2 917 1203 1000
2 467 2022 -897
1 1873 2127 23
1 680 1116 322
2 1402 1674 -363
1 2124 2224 88
2 526 2023 -514
1 1322 2031 552
1 1195 1590 33
1 903 1293 192
2 653 1223 -636
1 2005 2074 35
2 1564 1752 1770
2 542 560 -1561
2 145 1933 -1101
2 1580 1686 -659
1 1828 1886 50
2 1598 1795 1325
2 940 1791 -351
2 1976 2096 -1839
1 1796 1848 24
2 2169 2176 1718
2 597 1320 -1115
2 34 1892 -565
1 1818 2000 5
1 1257 1891 467
2 1613 1869 930
1 1252 2020 253
1 975 1260 237
1 404 782 13
1 1665 2100 279
2 2128 2217 -617
2 1134 1197 660
1 2179 2221 34
1 421 1322 545
2 567 2138 1584
2 1942 2173 -150
1 2215 2232 18
1 1323 1365 3
1 805 1266 160
2 1261 1547 -918
2 1489 1718 1862
2 223 445 1879
2 509 1817 -1909
2 1531 1805 1201
2 1246 1554 156
2 533 700 -362
1 1035 1779 247
1 928 1306 230
1 279 1217 251
1 1061 2049 485
1 2093 2173 43
1 531 1983 1399
1 845 1774 59
2 481 1151 -755
1 1075 2128 328
2 1056 1637 877
1 1873 1893 12
1 925 1369 263
2 2025 2143 -79
2 966 1580 -1236
2 1196 1708 -174
2 1663 2206 -661
1 2187 2223 32
2 18 186 -1005
1 1208 2155 140
2 1552 1927 -227
1 489 2098 1306
1 304 1372 1029
2 2112 2220 407
2 219 335 77
1 2048 2132 39
2 759 1310 1674
1 943 2191 308
2 2145 2158 -1253
1 238 1273 712
1 1577 2147 200
1 936 2004 71
1 616 1854 88
2 1119 1890 967
2 1594 1677 1406
1 934 2168 56
1 1644 1679 18
1 1325 2182 32
2 634 713 658
1 1933 2230 13
1 421 1876 1277
1 1365 1545 85
1 556 1554 425
2 1209 1508 -22
1 1796 1928 82
2 832 931 1445
2 853 1634 1360
1 2103 2117 10
1 1388 1433 17
2 1284 1911 433
1 369 431 6
1 216 333 5
2 889 1230 873
2 1834 1917 -790
1 575 578 1
1 1876 1900 6
1 1247 1755 441
1 2015 2042 27
1 1858 1958 47
2 251 2182 -618
1 1093 1856 8
1 1447 1454 8
1 2038 2142 42
1 704 851 39
1 767 1596 423
1 508 1277 365
2 1563 2125 1847
1 1189 1480 288
1 1861 2081 52
2 1637 1810 1850
1 2159 2206 13
2 871 2143 1221
1 663 1964 552
2 191 441 -450
1 1087 2153 65
1 288 1210 149
2 1061 1091 -1865
2 1716 2095 -780
2 1509 1780 -1889
2 921 1897 758
2 1337 1835 -859
2 1902 2165 -1467
2 1093 2009 209
2 462 1267 -943
2 852 1702 1086
2 1103 1939 -24
1 1719 1768 9
2 246 1624 839
1 385 2167 1747
2 2128 2148 1668
1 86 532 258
2 2043 2191 82
1 1377 1745 34
1 2187 2188 1
1 1917 2121 122
1 835 1731 891
2 1283 1786 -1170
1 2111 2169 13
2 1317 2029 1136
2 1525 1902 1821
1 1302 2071 273
2 2182 2227 -523
1 1481 2149 338
1 1755 1898 110
1 2173 2188 4
2 42 602 1287
1 865 1872 678
2 965 1232 1734
1 1018 1198 12
2 1597 1709 233
1 145 1800 1635
1 1433 1465 10
2 1867 2148 372
1 241 724 366
2 1441 1778 -999
2 1162 1825 -337
1 976 1293 240
2 1958 2189 -1808
2 661 1180 -452
2 1541 1888 1044
2 1649 2064 -1286
2 1031 1421 1888
2 1925 2230 1569
1 1897 2118 71
2 1980 1984 1144
2 2130 2153 -1292
2 291 1832 1901
1 867 1325 366
1 499 1234 612
2 517 1022 908
2 426 1555 221
2 428 567 -669
2 1899 2066 -613
1 1621 1861 153
2 2080 2198 448
1 941 1528 538
2 1024 1344 1931
2 551 843 -1863
1 671 1334 456
2 942 2218 786
2 1450 1976 -456
1 994 1295 199
2 174 990 612
1 484 1808 692
1 228 1677 307
1 1688 1986 181
1 1439 1520 76
1 2165 2166 1
2 454 1671 1520
2 1769 1813 -1426
2 437 761 -1248
1 1234 1419 82
1 641 2034 183
1 247 1244 438
1 24 2198 1903
1 1254 1994 481
2 2141 2159 -249
1 402 1301 481
2 1454 1940 -189
2 1044 1927 836
1 1398 1585 135
2 541 2226 -1679
1 2156 2200 19
2 2034 2067 978
1 1195 1777 198
1 1399 1646 176
1 1498 1566 20
2 1402 2214 -1439
1 1306 1596 236
2 322 1116 -1912
1 679 880 34
1 1205 1512 121
2 1608 1842 -76
1 1125 1900 369
1 2145 2154 7
2 298 472 -1523
1 2123 2228 62
2 1493 1939 1347
1 1994 2165 33
1 327 544 8
1 310 725 265
1 99 2152 778
2 1946 2161 -1456
1 908 1262 202
1 2026 2083 45
1 1684 2202 416
2 2090 2227 884
1 1655 1857 60
2 408 815 1013
1 2092 2112 18
1 1537 1617 23
2 1713 1897 -795
1 1860 1997 2
2 268 946 1656
2 165 1369 205
1 2081 2091 11
2 1894 2091 -42
2 612 2178 636
1 432 1706 1151
1 298 814 3
1 15 523 184
2 1558 2015 694
1 1302 2222 365
2 1400 2214 -1324
2 2161 2168 746
1 1901 2106 99
2 1488 1755 633
1 422 1255 651
2 1813 1858 -41
1 592 1352 67
1 982 1285 3
1 980 1669 228
2 825 2042 -1510
2 1574 1855 -1195
1 1180 2004 141
1 433 452 5
1 404 2019 726
2 1627 1902 -1064
1 2226 2231 3
1 63 2220 1055
2 379 983 -1914
1 1919 2019 31
1 519 1952 484
1 225 587 280
2 1698 1945 320
1 1707 1846 119
2 867 2211 2000
2 1215 1730 -946
1 1921 2205 45
2 37 43 762
1 1634 1656 22
1 517 1304 47
2 1376 1994 -1230
1 1966 2073 29
2 210 2097 -1442
2 1155 1268 937
2 893 1581 -1887
1 101 625 318
2 1728 1976 -938
1 1403 1582 40
1 2002 2010 1
2 1186 2045 1402
2 1538 1613 -1270
1 1519 2195 451
2 586 696 -1420
1 950 1858 1
2 189 1489 -185
1 2013 2156 93
1 394 1510 216
2 876 990 -1133
2 676 1005 1852
2 991 2211 74
1 108 2210 305
2 1398 1464 43
1 586 2114 464
1 938 1937 305
2 2183 2203 791
1 1903 2009 42
1 142 2107 323
1 2050 2205 92
2 354 974 -1554
2 1225 2203 -1852
1 1121 2205 971
1 59 65 3
2 1701 2129 -1668
2 993 2097 -1323
2 1934 2165 -1974
2 2179 2195 -1401
2 473 1831 -461
2 1401 2220 463
1 2055 2180 116
2 1341 1831 -857
2 2217 2217 -1974
2 1240 1606 1599
1 1774 2181 53
2 822 966 1123
2 664 1458 1780
1 1500 1650 126
2 1240 1592 961
1 1390 2003 209
1 870 1779 119
2 2231 2232 734
1 299 319 2
2 1670 1747 -317
2 1287 1577 1868
2 410 1750 -248
2 48 2103 726
1 229 865 107
1 393 1709 597
1 1888 2126 238
2 1739 2056 -1712
2 73 548 -370
1 1544 1883 142
2 1201 2186 1203
2 279 661 212
2 530 700 1658
2 478 2005 -1686
1 1926 1936 9
2 1433 1767 276
1 901 1793 261
1 654 1445 464
1 1002 1058 34
2 637 672 -523
2 1621 1866 922
1 813 2064 601
2 2163 2176 -1082
2 1236 1461 -398
1 1301 1988 379
2 939 1593 963
2 965 1507 -1888
1 1663 2007 34
1 831 1989 835
2 630 1021 -294
2 736 1665 -1115
2 2199 2202 -42
1 757 1758 34
1 1616 2146 208
1 1723 1816 56
1 640 2010 842
2 1430 1539 -792
2 1447 2024 693
2 1808 2003 -451
2 1209 1248 85
1 1968 1977 5
2 1918 1986 -1641
1 1355 1589 170
2 1128 1386 -678
2 1438 1721 -325
2 2144 2151 -1153
2 1742 1882 -565
2 1136 1379 -375
2 1503 2113 1570
1 1900 2006 11
1 571 691 27
2 1483 1955 1720
2 752 1278 1050
1 1983 2177 185
2 613 1180 -444
2 1304 1588 1591
2 718 1358 798
1 2161 2179 17
1 1934 2149 143
1 279 1290 661
1 264 746 122
2 654 2169 -1187
1 2123 2201 76
2 2112 2153 -349
1 655 2048 1160
1 488 1499 824
2 1512 2099 -125
2 2145 2175 838
1 1356 1438 18
1 1372 1443 10
2 1454 2047 1594
2 1283 2053 738
2 980 1597 40
1 1020 1424 108
1 2122 2208 73
2 751 1544 1649
1 1376 1859 32
2 1623 1981 -669
2 1481 1640 -1675
2 1018 1189 1090
1 1750 2041 123
1 1547 2095 272
1 2164 2168 5
2 680 1631 -510
2 1524 1654 1006
1 846 1276 410
1 1322 2140 592
2 521 1366 844
1 1654 1746 55
1 17 184 78
1 1900 2122 30
2 1631 2102 -398
1 1897 2024 110
2 174 793 -1259
1 1940 2076 129
2 539 1208 897
2 1553 2100 -227
1 63 2031 1009
2 1402 1893 1157
2 1300 2034 464
1 45 887 172
1 669 1456 61
2 974 2159 -1632
2 85 1349 -1061
2 799 952 -801
2 146 306 1071
2 180 1747 1184
2 1310 1965 1034
2 1512 1978 -231
2 82 379 1522
2 72 1686 -1056
2 837 1167 1420
2 944 1206 4
2 1665 1869 -737
1 695 834 85
1 656 1437 33
2 1241 1871 1472
2 1847 2031 699
1 151 1776 335
1 1863 2220 239
2 651 2059 1522
1 2065 2225 126
1 1780 2050 246
2 122 1082 -1850
1 1217 1662 80
2 1985 2047 -1425
1 803 1538 467
1 150 506 208
2 1144 1540 -1268
1 913 941 13
2 459 1554 -467
2 1269 2191 -365
1 1406 2024 397
1 196 2090 1586
1 494 691 153
2 1324 1952 -1166
1 682 822 101
2 895 1573 -1952
1 1806 1892 24
1 1157 1839 348
2 1016 1235 1370
2 1713 1949 -933
1 171 1455 422
2 653 1142 255
1 1693 2053 145
1 65 1250 155
1 397 412 9
2 244 499 1907
1 19 1342 351
1 1627 2035 322
2 1356 2230 -1848
2 229 1573 889
1 403 1591 250
1 2159 2204 25
1 399 1608 368
2 1851 2002 -1563
1 2136 2162 13
1 685 1757 395
2 605 708 -1875
2 2221 2223 1678
1 2018 2194 54
2 1995 2068 1517
1 822 1318 471
1 2154 2188 23
1 773 1921 560
2 21 1439 458
2 2022 2030 -793
2 1041 1901 1654
1 1978 2227 52
2 1854 2098 1240
1 2146 2200 19
1 2213 2221 5
1 1871 1894 20
2 38 313 1044
1 1119 1819 124
2 1382 1445 -568
1 2196 2205 6
2 1992 2084 -549
1 356 1912 343
1 772 1830 822
1 1271 1623 207
2 516 643 -350
1 690 1022 138
2 652 874 1160
2 1233 1560 937
2 2047 2088 941
1 201 2201 1071
1 1156 1266 55
2 160 1568 -1367
1 611 1504 188
2 365 1390 -1771
1 1524 1981 221
1 1118 1272 131
2 564 758 -1720
1 2136 2192 38
2 1810 2197 1650
2 808 1395 965
2 1335 2123 -683
2 981 1902 1795
2 791 1233 1920
1 1468 1550 50
1 43 1555 1052
2 167 1070 -1839
2 864 1182 -41
1 2226 2228 1
2 1492 2224 122
2 1464 1593 -1397
2 1245 2029 -416
1 691 1394 342
2 1942 2073 -355
2 1285 1399 1020
2 1105 1860 1082
2 2083 2162 -1690
