499139306
499527507
-705220344
498454267
497568076
499139306
498454267
498454267
5251083167
499529485
499139306
-43777251014
499529485
-2402329592
499139306
497604540
497604540
-10857255416
498457801
499529485
499139306
499139306
499529485
22790805
-75722291891
499529485
-193051559251
-48563872130
447394553
447394553
499139306
-12603422
497602562
-12608533
-12608533
404225279
499139306
-226992862064
498679691
498658435
-12608533
499139306
499139306
-12608533
-12608533
499139306
-11031868449
-12608533
-18863464973
498107801
499139306
-12608533
-543360821794
-424067017
499529485
404225279
499139306
-228859255
-946835346961
85291833
-40430180
-1316929128146
498679691
496719708
499139306
499139306
-825379115
499139306
-852581976252
471474792
-424063447
-149691077741
498679691
496719708
-40428288
499139306
-507681441574
-413290081320
-424063870
499529485
498679691
-640738035211
-255262457471
499139306
-424063870
-402556022796
480445708
-228855869
499139306
-228857784
499139306
-424065178
-40427781
-348807358238
432666184
499139306
-228856694
-424063974
-775792440879
-377957395090
-723815345696
-1298856794331
499529485
-40428288
480445708
498679691
-1047273120318
-228856694
-382231596659
496719708
-190350334
404225203
496719708
499529485
-1325445333834
499529485
-391715793017
-494158623
-494154396
-975021498032
-211359085455
498457801
-902418781901
-494154561
498457801
22792697
-494154561
-1308741268258
-1130684441881
-90417431975
499529485
499139306
-494160680
-494155620
499139306
-281197319355
404225203
-385460458871
-422029024306
-1392419523111
499139306
-494158953
-190351032
-23147916646
-1230584368091
499139306
-64718013733
-844064104020
-424060950
499139306
-1657710348457
499139306
-1513435988645
499529485
-800087793643
-498641652128
-986834836573
-494154150
-494158181
-424060972
-190349189
498679691
499529485
499139306
499139306
-494154336
-902859478458
499529485
-190349189
499139306
-240170599082
-1896546508563
-680499751259
-1058543687158
-191201381928
-1039768194210
-494156820
480445708
-222385104560
-494156896
-273285806732
-1339548235576
499139306
-71653550729
-196256161616
-494159133
499139306
-1351096318193
-696317059520
-494155087
-190350607
-379050572273
499529485
-391891110092
-899907198666
-267362719290
-494157877
-1503070299463
-494160651
-494155663
-494155087
493943473
499139306
497964061
-494153945
-494156624
179614551
-424061568
-474422848672
-190350453
-494160651
499529485
497602562
499529485
498457801
499529485
-740787583852
-1279935197618
-635998578241
-1620179681444
-1701529561504
-494153988
498457801
-177416634009
432666338
-494154153
499139306
-190351279
179614629
497602562
497570054
496167696
-494153988
-494152730
498457801
499529485
-1257693042537
-49912450117
498658435
151855202
499139306
-364385062031
499139306
-582152091236
-753124185343
499139306
498457801
-494153719
-494153719
-494153719
-190351279
-1504160658141
151855202
-494154801
-494153719
494399030
-494153719
-1045160367431
-352655080441
499529485
151855202
499529485
-494153781
499529485
-32913611
-32913635
-494154358
498457801
498679691
-494154630
-1120809624885
-31132105370
499529485
-266853146680
499139306
-32913611
498679691
-494152462
499529485
151855202
498679691
-355864724
496167696
-355863097
-494157190
494399030
499139306
-424062483
-494152428
-199152145594
-424062613
496719708
-597041700513
-494153185
499139306
-424514155610
-494152796
-591541883963
-494162861
499529485
498457801
-1002418538805
-494152796
-844065292406
-494156505
-494152796
489282912
-537161786311
-134916815448
-494157420
499139306
497602562
-424057662
499139306
499139306
-355861983
22792697
499139306
-494153260
22792697
-1228837937086
-494150046
-494150155
-306379124111
494056700
499139306
-979028566971
499529485
-239404273774
459097149
489282912
-494152903
498679691
-1007637161037
-494150046
499529485
498679691
-934010879274
-355862246
-494150155
-1754535469276
-355862246
499139306
-722993212373
-727426279625
499529485
-212631218532
-494149681
-293502378769
-494155207
-1316489503893
497964061
496167696
-494152893
-355862246
-538667701896
-494151431
-1407429282990
-2063634616510
-1499824748564
-1762208247428
-374709448
498679691
491824525
-494148286
498454267
-781280462914
-448091274
-602718228923
-355862246
499529485
499529485
-494152215
499529485
-178296755747
499139306
-448091274
-444758115132
489282912
499529485
-789703258725
-586105743326
-494151965
-2170599948476
-494151965
-355862845
-379526391314
489282912
-1984913513992
499529485
499529485
-494149381
-238204905761
-494149381
22790805
499139306
-1044199798962
-374709269
498454267
-494146972
499139306
499529485
498679691
-436146045802
-494146303
499529485
-1060009381628
499529485
-790192703294
-494147036
-494148420
-494148420
-300430730086
497602562
499139306
499529485
-32911876
-355862643
-650343971227
-193082629641
-494147036
-372125989892
-1254778943825
-29653016274
-96859229558
-494149725
499529485
499529485
499529485
-2045878860545
-1206777880852
-494162516
-355862643
498658435
-494157853
-448090721
494399030
-494147222
-374710193
499139306
-555447044866
-448091235
499529485
499529485
-374710426
-494156313
-1782933202732
499139306
499139306
-1018995334882
-1847382262354
-494148068
-494148068
-494146880
-684653159318
499529485
499529485
-374710030
-494149907
-1054335832072
498679691
-374709874
-158640375204
-374709874
-494149929
499139306
-1627816236351
-2163307322749
-494144417
-170489491010
-494149394
-1296041504748
-494146809
499139306
-374710047
-823260970259
499529485
499139306
498679691
-494143563
498454267
499139306
-494143563
-494143563
-1355022641545
-983205041397
-494143359
-494143359
499139306
-494147532
-795646694179
-494147421
-1430633024693
499529485
-448087691
-429437728705
499139306
-494143359
-374709351
-717909471618
-374709351
-1836467165905
-494147125
499139306
-322704839082
-541115924017
-448086552
-448087691
499529485
-149155615062
-313801588729
-374709291
-832090498510
-88141329319
-494151609
-494155196
-1459432624552
-169014474064
-1613477960641
499139306
-494144301
-1186514362769
-1466356801226
-915306603713
-151707093043
-1042222283906
-1317467469199
-410765660
-585114728089
-113502102483
497602562
499139306
29384602
-494145159
-99823029216
489282912
-374708776
-448088038
-494155215
499139306
489282912
-494144831
-448089011
499139306
477955621
-494153094
-1217652652631
-494144831
-392248115331
-391877333
-494154175
498679691
498454267
-494144831
-117116926574
499529485
-494151645
498679691
-64739218516
-756092192044
-494150289
499529485
499529485
-1277679196014
499139306
-494150203
-1390118106453
499529485
-146768696099
-494147803
-219416993867
-494150348
499139306
-1472983802430
-1278422424736
498454267
-448088842
499529485
499529485
-1111899267237
-494147803
-455632200196
-494146414
-494151739
499139306
499139306
-104235480
489282912
-847993254086
-1324420374839
499139306
491755080
488018396
-419149402
-419149402
-1890509012031
-1927537017009
-494143349
499139306
499529485
-1353043959777
499529485
499529485
492217947
499139306
-448087241
-137379354647
498454267
-1637910186260
499139306
-832185115120
-494143600
-220612079749
499529485
-419149402
-494145292
499139306
496719708
-494144548
-1948169832726
-245981520150
-494142026
-1150116193858
-991320550887
-419149402
-1399775532040
499139306
499529485
499529485
499139306
499139306
-494146793
-494149412
-115948634830
498658435
-494142442
-494148835
-494142442
498454267
-494147379
-494142442
-654297438694
-10146041714
499139306
-10283036127
-494153433
-84009702349
-494143700
-120578198355
-1049040497641
-494146793
499529485
498658435
-432720805641
-494158198
499529485
498679691
-270802209399
-717051939016
498679691
499139306
-522845805789
-768158250641
499529485
-494143480
-128973887942
-674058108736
499139306
-1797485489870
499139306
499139306
-494140694
491125783
-916202856753
-494151757
-291566385506
-1057042828220
-494150142
-314786369125
-111683647703
-1906965889558
-225968450490
-494141483
-1302353387959
-351914642556
-685615194471
-494141483
-434219953520
-1458015935736
-494141483
-877860074305
-684937659680
-494141483
-561395740508
498679691
-305269132149
-1045385070658
-509240462639
-600919136639
-302435881863
-494143008
-731575092454
-26356944131
499139306
-387633593264
498658435
-494143103
499529485
499139306
499139306
499139306
-282184729881
499529485
498454267
496167696
499139306
499529485
-494149644
499529485
499139306
-221393562444
499139306
-419146451
-494142783
486772843
499139306
-837332231182
-971250231161
482003954
-265685641517
-196846037079
-443665761
-494142888
499529485
-1561253951569
499139306
-493036202
-419145822
498107801
499529485
-494147151
-419145822
-448082699
-494144067
499139306
-983606666219
498679691
-494145819
-430307113219
499529485
498454267
-450219319
498658435
498454267
-494145819
497602562
-419145822
-419145615
499529485
-494152812
-1572516724586
-99819558377
498454267
-937660992741
499529485
-419145822
499529485
-494145048
-494149999
499139306
-419145822
489708766
-450223892
-494152604
499529485
-58772085266
491824525
-494150440
-494152604
499529485
-726043714505
-899100096269
498454267
-674217556954
-494162697
-419147673
-494147288
498107801
499529485
-511827689359
-1474334798505
489282912
499529485
494399030
-494151562
-339769801266
-494149792
499529485
-393378371992
-1134852055859
-494150984
-74125382831
498679691
-448087497
-1700101647124
-852636119923
-1847136894935
499139306
499529485
-307381571926
499139306
-1633852968488
-188284293210
489255028
-413796461686
-752343446728
-494146636
-975811971159
-494151524
-1195122932303
-494146636
-494150878
-1042606108136
-494145115
-419144747
-419144747
499139306
-988322710
-434378801276
-494152678
-156671149819
-327144763883
-25201733743
-448084935
-419144747
-494139490
-1409080801377
-116993757073
498454267
-856606138679
489282912
-494147534
-452158950104
496167696
-1375807064271
498679691
-494146431
-1250480350537
-419147474
499139306
499139306
-419144747
-135901028136
-1077985746965
-494139160
-153703290709
-393859759402
-494137952
-626599855903
-379037322882
-494139160
499139306
-1850985103373
499139306
496719708
499529485
-431112703075
499529485
498454267
-651448122420
499529485
499529485
-883196264752
-494144128
-419146141
-1051303288957
498679691
498454267
497964061
-450216536
-237696716238
498454267
-398794592219
494911500
499529485
-494145193
-494148874
499139306
-419150602
497602562
-208599354106
488267044
498679691
-395654215361
-494154277
489282912
-24707337325
499139306
-119096996558
-494145387
-443670649
499139306
-431686024828
-1234161679781
-494156025
-494137358
-494137358
-494145387
489282912
499139306
-90801233257
-445449596921
-494137358
-419147253
-494140197
-463260690984
-494137358
499139306
-419147253
-494137358
498454267
-396763831156
-494137494
-1200055260455
-494147624
499529485
499529485
-419149064
-494142233
499529485
-398739332915
-494137012
499139306
499139306
-494135659
-494148654
-391877333
-180370690618
-198654686935
-419149430
-739297706762
-494142668
499139306
499139306
498679691
-419147329
-494135509
-494144382
-494142887
-998918234942
-1300854029534
496719708
-419147508
499529485
-136150685158
-1214735725627
-1517861687371
-652319171461
486964986
499529485
494399030
-442608740
499529485
-494140132
-282662298371
499139306
-494160035
-22213268345
499529485
-124043500926
-494144768
498454267
-494143259
-494140132
-948028596956
-599661817260
499139306
497964061
-491713071328
-494138081
-494141130
-174458973082
-115636039149
499529485
498679691
499529485
-494141051
-555739568620
-492636692448
498679691
-13342755374
-443672648
-1108779216779
-1530366942983
-336533165379
-827592129062
-494371926814
498658435
491850975
-1431684925356
-2177918109977
-494138180
498454267
-365151575322
-878328768300
-494143842
-450218584
-494136683
-494146407
499139306
-494147261
-503457406286
-485943357407
498679691
-494147261
-231272558894
-442609033
-364934176
497602562
-1464430495918
499139306
-494137560
-450218539
-219909704074
-442609033
489282912
-812742214670
494056700
-805885920902
-329607638383
-494148798
-1951696610628
497964061
-981436320067
499529485
-1167438253751
-494139097
-98962202171
499139306
-197173305105
499139306
-277237144351
-494139097
-602409241708
-448088162
498454267
-662328263086
-337000321440
-442611989
-442611013
-1702575141480
499529485
-494155606
-494137193
479693537
499139306
499529485
-664678746075
-442608086
498454267
491824525
494995896
-478797922
-442610539
-442608086
-494137220
-198003007953
499139306
-494149295
499529485
-791229960217
499139306
-566020928584
-494144099
-1330616322892
-116630987216
-581239914672
-478796417
-99673921013
499529485
499529485
-1294843067930
-873347068181
499529485
-1911615913934
499139306
488304721
499139306
499139306
494399030
-1679819547482
498679691
-1389532599256
492217947
496390835
-494135976
-1939237490991
499529485
-1470250428480
-494142829
-302931894238
-764669726504
-364930892
498679691
-13342364150
-60292063935
499529485
-741332092114
-494135976
-1219394066516
-276148172887
499529485
-309355816055
-308359418451
-494146663
-494145319
476207108
-1075038787952
492217947
494399030
-771125006479
-113313427473
-442604263
-494137054
-118198150071
-341464827931
-494152823
-494138274
-1021996695777
75829449
-2042248549645
497602562
499139306
-822020434445
-494147733
499529485
499139306
-162591074512
-1201731033840
498454267
-114459982249
-494138274
-297666364178
499139306
-193639192422
-494152060
-442604263
499139306
-1213109464860
497602562
494995896
-1269242242324
-478792273
499529485
493943473
-442604015
468964984
-1091359574267
-494141188
-494141188
-494141188
-1330514082365
499139306
-1991727610298
499529485
-601339802576
-494141188
499529485
-494151362
-198664822262
-442602257
499139306
499529485
499529485
499139306
-494155205
-478789441
-494141188
-381508132467
-569585705616
-494154702
-249567811196
497964061
-494156808
-442600282
-798109365453
489282912
-494157352
499139306
-478787242
-442600282
499139306
-1306811996886
-1247001537284
-478787242
-442600282
499529485
499139306
-1952897938049
-1206006227332
-1358694056164
499529485
-494140268
-272396949248
496719708
-494154217
-494147434
-1105675393066
-494140268
-422530932513
488588802
-1741961778896
-1634440116995
-1375332786007
-494140268
-478787066
499529485
-861061270935
499139306
-1458005133048
499139306
-1067124234037
499529485
-109214472311
-494137298
-478787409
-494144250
-1506936361124
-494138486
499139306
499529485
-1055766698614
-1185720632094
-494144799
466815028
-494151822
498679691
-494145999
498454267
-1124945234210
-494139208
-442596506
-396386989702
-478787409
499139306
499139306
-494137336
-494137336
-494137336
-494152723
492217947
499529485
-275403820255
-364931156
499139306
-1050816104468
-494148217
-1517692618706
470687813
499529485
-1186216630686
499139306
-494137013
-478790245
499139306
-1093153502949
498454267
477335087
-674247305709
-478791317
-478791317
-472940453404
-738992240185
-1583541493135
-494152999
-442601679
-1301168683186
499529485
-985089556388
-504740667159
-494146884
-507870277804
-310847037050
-793167504746
497964061
-494139231
-494158820
496719708
498679691
-1803898165281
499139306
-84502544383
496719708
499139306
499529485
-494146261
499139306
-442604093
499139306
499139306
-494138508
499529485
-619395068301
-829372774206
499139306
499529485
-110456494334
499139306
-494155450
-478794786
-494139404
-295307952865
-494148479
-494160392
467854847
499529485
498679691
493943473
499529485
-346590152532
-364931659
498454267
-494139404
494056700
-442605984
-820018564402
-176442793068
-806718242550
499139306
-494139404
499139306
-442605464
-448084014
499139306
-1033426010239
-1037481189301
-494147504
-1288001323851
488634718
498454267
-159618016396
-1418495548328
-712295035658
-1768636238657
-494137529
-494137529
-849173158252
499529485
-494137529
-2160275996594
-494145123
-489467956
-494137529
499139306
-494137687
499529485
-489467956
-489468746
-1110124007597
-494144601
-489467956
-103775009920
-92922667217
499529485
-489466786
499529485
-494146075
-494138477
-339013848969
-494146176
499139306
499139306
-494141540
-621572714396
463590346
-494144187
498679691
499139306
499529485
-494147708
-1177273108855
-284143530737
-494161076
-615271188920
-330613255459
-353403873606
441300385
-364930266
497570054
-284930061979
499139306
-1303981490366
-494142295
-1049827751503
-1073118731070
-494162814
-630104165540
496719708
-494134737
-1279126698302
-494141656
-499177013
499139306
499529485
499139306
-494143413
-1077507210837
-364932768
499139306
-494135138
-955245292259
477335087
-494159448
-317746268754
499139306
-494134025
-494134025
-452677341204
-768904928550
-494159815
499529485
498679691
499529485
-499176143
-494153479
-1997056895132
-494133683
-344947667689
-494133683
-494160017
498679691
-494147712
499529485
398679783
499139306
-166013118586
494399030
-499174337
499139306
-35578519209
-499176143
-901243530498
-494150743
-176924534539
-499175472
-494141737
-494133683
499139306
-494137956
494152276
-389857510347
497602562
499139306
-743811408968
-1284213350843
-166037092445
-1521501588383
494911500
-1012120755535
-467229494349
-569622400367
-28661019243
-499174337
-699219730590
-494137958
-1046694897903
-79072107470
498454267
499529485
496719708
-1438526761764
497602562
-494158578
499529485
-494135309
-1049332852393
-683872067397
426851897
499529485
499529485
-494137315
496719708
-499172204
499529485
-180201041199
492217947
-494149646
-494136949
498454267
-1507767615040
-494136290
499139306
-88949703890
-494149646
497602562
499529485
-494136290
-1127200280607
-494137205
-440272177860
499529485
-452653195599
498454267
-494153493
497602562
-494155051
-494136874
-494138001
499529485
499139306
-2060378092360
-1088375154472
-235240483428
499529485
-307973019283
-1484983839839
-793331975043
491850975
499529485
-497283656
-494148688
499529485
-494138237
-85985832422
499139306
-494149488
-186737347
-494137206
-494155269
-418750786732
499139306
496167696
-1131487849605
498454267
-1133457353034
491755080
-494148808
496719708
-365474045485
-494136224
499529485
-1071309910049
-284145826116
-279537563515
-494136906
-494155963
498679691
-494135137
-1387663344068
-6988496476
-1343324701932
-494136784
-1001519369774
-698459776979
-224651275481
-494139683
-494137914
499529485
-494137914
-367682655658
-494137914
-265721088649
-2161175861401
498454267
-478559105229
499529485
-494137914
-494137914
499139306
-1346321191485
499139306
499139306
-220406509229
-494141043
499139306
499139306
-494136947
-266374430462
498679691
-1436492292457
-1021274014272
498658435
-493037552
-2040993887828
-494133260
-494133260
-493037200
489282912
-1220304903525
-494133515
-430124596397
-960872636153
-494133515
-366175426470
-494151065
-494136482
-494151065
499529485
-494132568
-494132568
-494132568
499139306
-494133228
-883326373771
482611212
-224860146420
-251048989159
499529485
498454267
498679691
-169217579727
-499166688
498658435
-192529210723
-494145770
498454267
-464493614
-494133228
-74874817561
499529485
-1686758362485
499139306
-494136542
499139306
498679691
-494136215
-494136215
-494136215
-863596866092
-494136215
-261153739925
-464493614
-1484436264972
-797904192012
-1621838749749
-1150139206597
-731609098252
-494134390
499529485
-475083689467
-499168507
-645575929273
-780013429598
498454267
499529485
-294507280142
-494135017
499529485
-229117868310
-1097474298537
-81365737722
-423003942852
499139306
498679691
-494143069
-510155759792
-429113450555
-780164058696
499529485
-836819215564
-1976155064961
-494151273
-631810626038
-629953093090
-494135631
-574251707488
499139306
-494136092
499529485
-602631182834
498454267
488588802
-494135762
-904087053732
499139306
-494149966
496719708
498679691
-1873045809011
-494134649
499139306
-494141387
-1225822102150
499139306
-494150108
-493035375
-494134649
-499171364
498679691
-1052323411858
-494137218
-1150639809410
-494135325
-494135325
-494141065
-837455699353
-494150357
-494151846
-1838402458989
499529485
-494135325
499529485
-494149668
499139306
-172927654137
-494152060
494911500
-494134358
496167696
-494149435
-1698057077316
-127290028275
-494137382
-1585026693033
492508115
-1473411596986
-494135045
499139306
499139306
-876647518671
-55356281538
-494151314
499139306
497602562
-494150043
499529485
-494137501
-494150043
-499159833
489255028
-367658623374
498679691
-131944936082
499529485
499139306
-924975320842
-520070931909
-118598676504
497602562
-1570854249987
-494150140
498454267
-790089293268
-143308419078
-494135092
-494148181
499529485
-494135020
-494135020
482804115
499139306
-494135020
-131779115997
-494135020
498454267
-464491925
-494136532
499529485
-494137835
-2008129753047
499529485
-494136532
-508354553776
-494149084
-494149084
-494136451
499529485
-494156140
499529485
499139306
-494137923
496719708
-24218593862
-251535476285
497570054
-494138736
-494138736
-721755035700
-494148318
-494147214
-494147214
-494137632
-494147214
499139306
-494137713
499529485
-235541997251
499139306
-494138206
-494136849
-236710770354
-363705139109
-51393412376
-870703640995
-675045481955
-74622327862
-305992451200
499139306
498454267
499529485
499529485
499139306
-494136626
-492384655220
-498633003314
-489467184
499529485
-813370655450
-619877502733
-499156544
489282912
-494143540
-632746980422
-494134765
-437236352064
-494147848
-441278503964
-494140037
499139306
-556945566772
-494145037
488267044
493943473
-380028437332
-494145037
496719708
497602562
-494148996
499139306
-31627944140
-464491925
-494149215
-57821673135
-1862601435672
-494136262
499139306
-494147995
-804224143839
-494136262
-494136262
-494136262
-494147995
-494149255
498454267
499139306
-1068600217898
-494135352
499139306
-494147415
-169001603490
-499160200
-1034324016946
-732567479403
-494140037
-505864632584
-288520423439
479325428
-494133181
-494146532
-159619032740
-494146532
-1260092592728
-201327309833
-494136064
499529485
-79070635975
-925033423955
499529485
499139306
-1386222672566
-494136098
499529485
-346606025362
-186736766
499139306
-96367175719
-494136265
499139306
499529485
-494137815
-494137815
-494142448
-494137815
-974208497195
-23785023796
-2132187578317
497964061
499529485
-494137519
499529485
-494146559
498658435
499529485
499529485
-470449921913
-576186255919
499139306
-494146540
-930754621054
498658435
-482023941564
-722241956400
-909902464541
499139306
499529485
498679691
-357299429796
498454267
-28951060026
-494144969
-494143606
-88850755115
499139306
-494139551
-1231249593999
-494139551
494399030
-494139551
-1922539470829
496719708
-494139551
-242648894534
498454267
498454267
-494159366
-499166354
493943473
-431128478872
-499159611
-480344986213
499139306
-58817483054
-494146651
-494139677
-494139677
499529485
496719708
-494139677
-122294362439
-1001315212384
-494139677
-495222861721
497602562
-494139677
499139306
-395175527973
-494146558
-494139677
-320726718188
-1477711195320
-493038650
499529485
-494139533
-1401542546333
-494139533
-494139533
499139306
498679691
499529485
-1987944484022
499529485
499139306
499139306
499529485
-903442030311
496719708
499529485
-373594426436
498658435
498679691
494995896
471474792
497964061
499139306
-33443633165
499139306
498658435
499529485
-494141831
-413621160495
499139306
-494141831
-494155131
-494137944
-605598314100
-494137944
498679691
499139306
-417816803858
499529485
-494137944
-494137944
-494138822
-890697349763
-494137330
-499158626
-494150577
-494149977
496719708
498454267
-499148113
499529485
-494134981
499529485
-1202642482138
498679691
-494134981
-1322395452032
499139306
-872285547580
-494134923
-494134923
-494138828
499139306
-494135338
499529485
-1073039268532
497331225
-494151691
-292197498432
-117193638814
-1440064673572
-431908465984
-494135338
499529485
-478623610
-494135338
-746827874722
498454267
496719708
497570054
-494135338
-544783447412
-494140389
-527380643359
-494143752
-499166339
-1120983519288
498454267
499529485
-494140616
-2066379142434
-770619788065
-494136931
-551467845229
-494132337
499139306
499529485
-746985998025
-1070082922309
-494132337
-494137445
-572077587615
-494139638
-494132337
-226343667320
499529485
498658435
-494132337
-563421197643
499139306
-167524263484
-494132337
-107232071669
-1050316197697
-494144769
-494138630
499139306
-494138630
499139306
-1334202451861
-534158062284
499529485
499529485
499139306
-494134698
-1783021424464
477955621
-494134698
-494140312
-494150245
-1257873904010
-194704497857
-1168181989073
499529485
-207653136746
-494137210
-494137210
498454267
498454267
-1207966552538
-494137210
-494142318
498454267
-447073920185
-494148089
-216452044459
-695019315951
498454267
-499154241
-494141191
-75870877100
443391625
-1795481076815
-903529935190
-1634704893408
-494148526
-93396199526
-494139142
499139306
-715724065257
499139306
498679691
-653505270803
496167696
499139306
-494156891
-1029077897655
499139306
499529485
-1926080503374
-918879957179
-494140840
499529485
-499152482
-1092265716130
-1347071593316
-613957883186
-277717506448
499529485
-494141200
-494141200
499139306
-494140840
499529485
-1169723970567
-494140840
-319959101081
498454267
498454267
-494142749
-499152032
-299468821256
498454267
-1236617633538
499529485
-494165178
499139306
-879340637509
499529485
-499147415
499139306
-494141200
-494141200
-494141200
499529485
-494141200
-494142546
498454267
-499148173
-494142546
499529485
-1198691925799
499139306
-41430853655
-499151370
-494140083
-1294603307294
-214457900198
-494145717
-494139480
499139306
-2107197078326
-499152452
496719708
499529485
-494136200
-908485741966
-499153968
-494138566
499139306
-951533255644
499139306
-494138984
-494138984
494399030
-196952741137
-494139765
-494139702
-629971106795
-494144430
-549479447092
-91426864192
-746797218588
499529485
-519575881255
-1419965446435
-494156215
-1199190085179
-494141511
-559416195163
-1648080225965
499529485
-1284136735947
499529485
-493175118756
499139306
494056700
499529485
-704404270427
-365395377479
-1196692898189
499529485
-1255952572268
-1026596079872
-462597132140
499529485
-494142624
499529485
-494142624
-1379677110952
499529485
-1573169443457
498454267
-1288599427189
499139306
489282912
494152276
499529485
401592886
-82523939992
-1476718109979
499529485
-494139415
499529485
499529485
-494148317
499139306
-494154536
-494142615
-494142796
-496171352739
-494142615
-125789234066
489282912
-494139415
-489469839
-790986921300
-494139415
-1319243227481
494995896
498454267
499139306
-494141013
-494141729
-494141729
499529485
499139306
499529485
-1226631858224
-396528353034
-499152630
-603395121372
-494140688
499529485
-394274943308
-494140362
499529485
498679691
-547898363276
-569072877389
499139306
-494139613
498658435
-494138787
-494142465
-494142465
491824525
-326020574158
499529485
-1268742179427
-494138787
-119093424100
-499173632
-1479301873107
-1075025574304
-558069179679
-509980806685
-494148818
499529485
499139306
499139306
499529485
-494142094
499139306
-494142094
-494142140
-391880791
-499165101
498679691
-577003533611
499139306
-656957004415
497964061
-494147429
-494139595
-34144000325
499139306
-494149073
-494139595
498679691
-1157195755908
499529485
-994400392162
-113282414929
-103278739983
-268046572833
499139306
-630627242381
-888715919140
-494139773
-494139773
498658435
498679691
499139306
-101448574786
-494139773
-497284387
-869741171030
499529485
-494139773
-494144054
-494140701
-274777711680
-494143531
-508153363861
499139306
498658435
-494143531
-489469839
-494154138
-2113023737006
-499153304
-473931764859
498454267
499139306
498658435
-2085252755806
-494140397
-494140397
-1990834598184
499139306
499139306
-494141477
498454267
-319728655618
498679691
-70169137998
499529485
-494141042
-494151492
-997942406794
-411394114053
-443020556972
479693537
-1723148967505
499529485
-725160484690
-141764756190
-1283821049515
499139306
-135770391172
-420085657919
407397522
497602562
-441262586879
498454267
498454267
-494140340
-659567879019
499139306
-1811395028189
-494140692
-494135863
499529485
-327454029024
-494139284
-478622280
498658435
-494160937
-1160026026748
-1904974891871
-769131430262
499139306
498454267
-494141334
499139306
497602562
-482515021905
498454267
489282912
499139306
498679691
-3953229040
-494137157
499139306
499139306
-499149070
-494136254
498454267
488588802
499139306
-494140313
-494140313
-1560703828740
-494140313
-186737616
-494141800
-494155273
-157410809484
-494156742
488588802
-496559770
499139306
499529485
499139306
498658435
-703495309029
496719708
-43925920989
497602562
-494141938
-494146346
-1715496135304
-768177622832
-494155269
-323233851951
-2226359621389
499139306
-349923396259
499529485
-494154752
498679691
498679691
499139306
-1191435959952
-494157125
-467909962248
-1246054453078
499529485
-496559155
-832985298610
-694522778085
499529485
499139306
-496559155
-1562103688459
-494157125
-496558931
-494143270
499529485
499529485
-1374432092142
-494143270
-494155034
498454267
-499153934
-1887698942204
-1736410270575
-593529122022
-496558696
-1482024332294
499529485
474699944
-494156890
-1752754411959
-260728783128
-494157987
-494157987
499529485
-1843412547943
-59591016712
-494162069
-499156489
-494158150
498679691
498679691
-499148190
494911500
-1700692310647
-323454831662
-494156294
-494156294
498679691
479873696
-494158072
499529485
-494148562
496167696
-494148562
-494158278
498679691
-496553784
-494148509
-494146898
-496562792
499529485
-494146898
-496561917
-496556358
-494158470
-496557051
-496557051
-138861791363
499529485
-1453952133108
-1429906039308
-1578856261559
-494146898
-490122780600
-494159059
-494146898
497570054
494911500
-1015462062744
-2224813470710
-1134908494799
499139306
499139306
-921368452743
489282912
-494146898
496167696
-1973643676545
-499150478
-150251761033
498454267
499529485
-1513024936682
-494146898
499139306
499529485
499139306
499139306
-494146898
498658435
-494157416
-80366961566
498454267
-494146898
-494155893
-753129258151
-496560959
499139306
-231110268022
-494147168
497602562
-494152392
499529485
-496563253
-1446386586035
499139306
498454267
499139306
-23703073817
-875276260529
-950487911324
-496561740
499139306
493943473
-494158481
-626836826299
499139306
496167696
-42705001335
-496560897
499529485
-447418535751
488018396
498679691
499529485
-1165386421695
496167696
-499151457
-494156407
-184923018385
-792726184314
-489469621
-496560897
499139306
499529485
-494152595
-223427224905
-693704559992
-494147667
-499151457
-1262511917465
499139306
499139306
-186737616
-494156624
-499150701
-216445927332
-1450673378658
-401825749329
-496558384
-499150701
-206565116673
-496557588
-496563910
-494154870
-953609679725
-127788595812
497602562
499529485
-546061401284
-167029325216
-496559601
-494155609
-529751655232
-759057461472
-19782522965
-2018134734638
-496557503
498454267
-663456452731
494911500
-57404063201
-458546625319
-494147652
-1279486398805
-494156609
-1358851658405
499139306
499529485
-499151494
499529485
-1187208718738
-499155461
489282912
-496558735
-494155087
499529485
-2242016305000
-1090481242938
-496559320
499139306
-1527239331720
-494149016
-1176540310636
493943473
-499157560
-496558169
-396331735008
-635659159573
-494154521
-499158679
-90876733553
-494149583
-494149583
496719708
-494149583
499529485
498679691
-496560155
-98860378645
-494149583
-1466162888719
-494149583
-361768311596
-494149583
499529485
-276589676141
-496561453
-776079457906
-494152299
-494155796
499529485
-494149632
-672442486416
499529485
-1708558745394
498658435
-494150772
-724346141960
-374333585309
-108225655143
499529485
-1068155620059
-910326811342
-598167376874
-1207343945983
-494155700
-25956557002
-695953965800
-494155143
-1370359544580
499529485
498454267
-494155143
-917894890366
-465013655172
498454267
499139306
-494148979
-1349563953807
494911500
-287515640219
-494148264
-1705404596305
499139306
-500151738639
499529485
-6918299226
-563078407414
491850975
-715146657324
482071256
-20754831320
-494153806
499529485
-1830009957648
-2310091959156
-494156359
-940147303195
499139306
-1122935598162
-494153806
-494153806
499529485
-1998734919656
-496559138
499529485
499529485
-1147538680138
-497283952
497602562
499139306
-494146828
-458868855250
-496559377
-496559414
-186737616
-1752236898016
-1932004816636
-494146828
-494146828
-1636861334275
-1574785741502
-494148032
499529485
489282912
-496557048
-496558035
-494157062
-733441384655
-820653908948
-438473035665
-494149890
-499151357
-494149890
-494149890
-496556115
-516416634803
-494149890
-397319970763
-1052289178812
496719708
-494148788
-1371901224684
499139306
-496557651
-496541264
-397222041469
-382739095547
499139306
499529485
-494148937
-1000745120726
499529485
-73137988406
-494148358
-1111516208468
499139306
-588390244214
498679691
-942552296433
-1728849391914
-494148358
-496542153
-496542153
499139306
-1563044399517
-494148358
-496544373
-494148358
-1851456462324
499529485
488018396
-178706059907
499139306
-494147007
-496552189
-496542153
-10981973125
-547965909600
-255238781618
-494147007
-494155472
-494148720
-499151113
497602562
491850975
-499156988
-765839461989
499529485
479873696
499529485
-494150842
-494157805
499529485
499529485
-494159579
499529485
-494152616
-307871674934
-34096820317
497602562
-2979390120
378542744
498454267
-494159516
-499149867
-494159368
-494160490
-494152616
-343165371134
-1177925726968
-494152616
499139306
-499155208
-1016472053642
-721586403909
-300504625790
499139306
-496549788
499529485
499139306
-103824393731
499529485
-1692153746031
-362995929639
-494157495
495245486
499529485
-496553850
-511066023251
-834933773288
-496551493
497964061
-494147694
-494160008
499529485
-1217542077004
499529485
498454267
-494147860
499529485
-494563441
-496557049
499529485
499139306
-494160536
-494159414
499529485
498679691
-1085337452636
-268799695832
-31447497112
-494159414
-142321670152
499139306
-1964280176046
-496541234
-494147860
-494147860
-1392031622155
499139306
-769384671212
-236869116235
